time,x,y,z,phi,theta,psi,x_velocity,y_velocity,z_velocity,phi_velocity,theta_velocity,psi_velocity,action,reward,done
0.02,0.0,0.0,10.003441173199175,0.0,0.0,0.0,0.0,0.0,0.3441173199174869,0.0,0.0,0.0,[670.3181202697252],-8.999655882680083,False
0.04,0.0,0.0,10.013671149647905,0.0,0.0,0.0,0.0,0.0,0.6788803249556119,0.0,0.0,0.0,[664.5727589855464],-8.99863288503521,False
0.06,0.0,0.0,10.030662945840632,0.0,0.0,0.0,0.0,0.0,1.0202992943171654,0.0,0.0,0.0,[668.9421082500342],-8.996933705415938,False
0.08,0.0,0.0,10.05457126907338,0.0,0.0,0.0,0.0,0.0,1.370533028957559,0.0,0.0,0.0,[674.758542675291],-8.994542873092662,False
0.1,0.0,0.0,10.08534582151407,0.0,0.0,0.0,0.0,0.0,1.7069222151113328,0.0,0.0,0.0,[666.6931522016171],-8.991465417848593,False
0.12000000000000001,0.0,0.0,10.122905308266077,0.0,0.0,0.0,0.0,0.0,2.049026460089349,0.0,0.0,0.0,[670.8854869043929],-8.987709469173392,False
0.14,0.0,0.0,10.16738099010514,0.0,0.0,0.0,0.0,0.0,2.3985417238169777,0.0,0.0,0.0,[676.2460814924284],-8.983261900989486,False
0.16,0.0,0.0,10.21883925883965,0.0,0.0,0.0,0.0,0.0,2.74728514963394,0.0,0.0,0.0,[676.7158059559127],-8.978116074116034,False
0.18,0.0,0.0,10.277238518900301,0.0,0.0,0.0,0.0,0.0,3.092640856431144,0.0,0.0,0.0,[675.7213465404506],-8.97227614810997,False
0.19999999999999998,0.0,0.0,10.342414023825658,0.0,0.0,0.0,0.0,0.0,3.4249096361045126,0.0,0.0,0.0,[668.8557388522901],-8.965758597617434,False
0.21999999999999997,0.0,0.0,10.414164997846544,0.0,0.0,0.0,0.0,0.0,3.7501877659840894,0.0,0.0,0.0,[665.8281917555134],-8.958583500215346,False
0.23999999999999996,0.0,0.0,10.492518054701227,0.0,0.0,0.0,0.0,0.0,4.085117919484225,0.0,0.0,0.0,[673.2496406760059],-8.95074819452988,False
0.25999999999999995,0.0,0.0,10.577405207532717,0.0,0.0,0.0,0.0,0.0,4.403597363664793,0.0,0.0,0.0,[664.6268749818248],-8.942259479246728,False
0.27999999999999997,0.0,0.0,10.668778723949549,0.0,0.0,0.0,0.0,0.0,4.733754278018507,0.0,0.0,0.0,[673.536871177519],-8.933122127605046,False
0.3,0.0,0.0,10.766836114596767,0.0,0.0,0.0,0.0,0.0,5.071984786703355,0.0,0.0,0.0,[680.3181792361788],-8.923316388540323,False
0.32,0.0,0.0,10.871654150723547,0.0,0.0,0.0,0.0,0.0,5.409818825974666,0.0,0.0,0.0,[682.0651460273166],-8.912834584927646,False
0.34,0.0,0.0,10.983328770624988,0.0,0.0,0.0,0.0,0.0,5.757643164169345,0.0,0.0,0.0,[690.2282765819417],-8.901667122937502,False
0.36000000000000004,0.0,0.0,11.101949521056623,0.0,0.0,0.0,0.0,0.0,6.104431878994272,0.0,0.0,0.0,[691.9000437476313],-8.889805047894338,False
0.38000000000000006,0.0,0.0,11.227385867142447,0.0,0.0,0.0,0.0,0.0,6.439202729588001,0.0,0.0,0.0,[687.0862957391279],-8.877261413285755,False
0.4000000000000001,0.0,0.0,11.35960321413942,0.0,0.0,0.0,0.0,0.0,6.78253197010945,0.0,0.0,0.0,[694.7188121943308],-8.864039678586057,False
0.4200000000000001,0.0,0.0,11.498656234151177,0.0,0.0,0.0,0.0,0.0,7.122770031066285,0.0,0.0,0.0,[695.5340201758845],-8.850134376584881,False
0.4400000000000001,0.0,0.0,11.64447259618761,0.0,0.0,0.0,0.0,0.0,7.458866172576894,0.0,0.0,0.0,[695.8323361878062],-8.835552740381239,False
0.46000000000000013,0.0,0.0,11.79707494903073,0.0,0.0,0.0,0.0,0.0,7.801369111735141,0.0,0.0,0.0,[702.5030661455829],-8.820292505096926,False
0.48000000000000015,0.0,0.0,11.95647894227699,0.0,0.0,0.0,0.0,0.0,8.139030212890829,0.0,0.0,0.0,[702.67101944892],-8.804352105772303,False
0.5000000000000001,0.0,0.0,12.122801995313099,0.0,0.0,0.0,0.0,0.0,8.493275090720093,0.0,0.0,0.0,[715.4945721067176],-8.787719800468691,False
0.5200000000000001,0.0,0.0,12.296113963488951,0.0,0.0,0.0,0.0,0.0,8.83792172686527,0.0,0.0,0.0,[713.2694867490877],-8.770388603651105,False
0.5400000000000001,0.0,0.0,12.476301542905608,0.0,0.0,0.0,0.0,0.0,9.180836214800483,0.0,0.0,0.0,[715.6700217841695],-8.75236984570944,False
0.5600000000000002,0.0,0.0,12.663155256755603,0.0,0.0,0.0,0.0,0.0,9.50453517019898,0.0,0.0,0.0,[707.9805981904175],-8.73368447432444,False
0.5800000000000002,0.0,0.0,12.856412639660332,0.0,0.0,0.0,0.0,0.0,9.821203120273895,0.0,0.0,0.0,[707.3322175428068],-8.714358736033967,False
0.6000000000000002,0.0,0.0,13.056077373865982,0.0,0.0,0.0,0.0,0.0,10.145270300291074,0.0,0.0,0.0,[715.1670676985507],-8.694392262613404,False
0.6200000000000002,0.0,0.0,13.262228431216148,0.0,0.0,0.0,0.0,0.0,10.469835434725349,0.0,0.0,0.0,[719.1336726058411],-8.673777156878387,False
0.6400000000000002,0.0,0.0,13.475083041818829,0.0,0.0,0.0,0.0,0.0,10.8156256255427,0.0,0.0,0.0,[735.0277536478943],-8.652491695818117,False
0.6600000000000003,0.0,0.0,13.694830774556667,0.0,0.0,0.0,0.0,0.0,11.159147648241234,0.0,0.0,0.0,[737.8202983301057],-8.630516922544334,False
0.6800000000000003,0.0,0.0,13.92142205199849,0.0,0.0,0.0,0.0,0.0,11.499980095941002,0.0,0.0,0.0,[740.4691052224936],-8.60785779480015,False
0.7000000000000003,0.0,0.0,14.154943039008284,0.0,0.0,0.0,0.0,0.0,11.852118605038282,0.0,0.0,0.0,[750.9965091310559],-8.584505696099171,False
0.7200000000000003,0.0,0.0,14.395470971601373,0.0,0.0,0.0,0.0,0.0,12.200674654270662,0.0,0.0,0.0,[753.4704350544845],-8.560452902839863,False
0.7400000000000003,0.0,0.0,14.64303399432572,0.0,0.0,0.0,0.0,0.0,12.55562761816399,0.0,0.0,0.0,[761.4938391408813],-8.535696600567428,False
0.7600000000000003,0.0,0.0,14.897768070954925,0.0,0.0,0.0,0.0,0.0,12.917780044756615,0.0,0.0,0.0,[770.08083713523],-8.510223192904508,False
0.7800000000000004,0.0,0.0,15.159784386619098,0.0,0.0,0.0,0.0,0.0,13.28385152166067,0.0,0.0,0.0,[777.0479818256985],-8.484021561338091,False
0.8000000000000004,0.0,0.0,15.429125319178397,0.0,0.0,0.0,0.0,0.0,13.650241734269285,0.0,0.0,0.0,[782.2311324363168],-8.457087468082161,False
0.8200000000000004,0.0,0.0,15.70580579643578,0.0,0.0,0.0,0.0,0.0,14.01780599146888,0.0,0.0,0.0,[787.9748728424153],-8.429419420356423,False
0.8400000000000004,0.0,0.0,15.98976269149011,0.0,0.0,0.0,0.0,0.0,14.37788351396413,0.0,0.0,0.0,[789.2798161131205],-8.401023730850989,False
0.8600000000000004,0.0,0.0,16.280883481939547,0.0,0.0,0.0,0.0,0.0,14.734195530979385,0.0,0.0,0.0,[792.566329875202],-8.371911651806045,False
0.8800000000000004,0.0,0.0,16.579168679887463,0.0,0.0,0.0,0.0,0.0,15.094324263812362,0.0,0.0,0.0,[799.8684167990497],-8.342083132011254,False
0.9000000000000005,0.0,0.0,16.88456033332677,0.0,0.0,0.0,0.0,0.0,15.444841080118596,0.0,0.0,0.0,[800.3404702930795],-8.311543966667323,False
0.9200000000000005,0.0,0.0,17.19671824454095,0.0,0.0,0.0,0.0,0.0,15.770950041299416,0.0,0.0,0.0,[793.0687297540704],-8.280328175545906,False
0.9400000000000005,0.0,0.0,17.51550925836252,0.0,0.0,0.0,0.0,0.0,16.108151340857653,0.0,0.0,0.0,[804.0409571930259],-8.248449074163748,False
0.9600000000000005,0.0,0.0,17.841020923511614,0.0,0.0,0.0,0.0,0.0,16.443015174051713,0.0,0.0,0.0,[808.2668965395416],-8.215897907648838,False
0.9800000000000005,0.0,0.0,18.173448940509093,0.0,0.0,0.0,0.0,0.0,16.79978652569619,0.0,0.0,0.0,[824.866798149074],-8.182655105949092,False
1.0000000000000004,0.0,0.0,18.512908777425125,0.0,0.0,0.0,0.0,0.0,17.14619716590673,0.0,0.0,0.0,[825.4981532051345],-8.148709122257486,False
1.0200000000000005,0.0,0.0,18.8593524965884,0.0,0.0,0.0,0.0,0.0,17.498174750420862,0.0,0.0,0.0,[834.0623877648292],-8.11406475034116,False
1.0400000000000005,0.0,0.0,19.21281262126456,0.0,0.0,0.0,0.0,0.0,17.847837717195425,0.0,0.0,0.0,[838.8497005961883],-8.078718737873544,False
1.0600000000000005,0.0,0.0,19.573161137851297,0.0,0.0,0.0,0.0,0.0,18.187013941478316,0.0,0.0,0.0,[839.6498232688936],-8.04268388621487,False
1.0800000000000005,0.0,0.0,19.940327339751057,0.0,0.0,0.0,0.0,0.0,18.52960624849763,0.0,0.0,0.0,[847.2377019872384],-8.005967266024893,False
1.1000000000000005,0.0,0.0,20.314364895346415,0.0,0.0,0.0,0.0,0.0,18.87414931103797,0.0,0.0,0.0,[854.2147130615737],-7.9685635104653585,False
1.1200000000000006,0.0,0.0,20.695296341435025,0.0,0.0,0.0,0.0,0.0,19.21899529782314,0.0,0.0,0.0,[860.4845998987489],-7.930470365856498,False
1.1400000000000006,0.0,0.0,21.08293919350198,0.0,0.0,0.0,0.0,0.0,19.545289908871982,0.0,0.0,0.0,[857.7284687302331],-7.8917060806498025,False
1.1600000000000006,0.0,0.0,21.476968192602737,0.0,0.0,0.0,0.0,0.0,19.85761000120386,0.0,0.0,0.0,[856.9559074797831],-7.852303180739726,False
1.1800000000000006,0.0,0.0,21.877160898233836,0.0,0.0,0.0,0.0,0.0,20.16166056190601,0.0,0.0,0.0,[858.7881426369099],-7.812283910176616,False
1.2000000000000006,0.0,0.0,22.283321012636947,0.0,0.0,0.0,0.0,0.0,20.454350878404938,0.0,0.0,0.0,[859.0551669549045],-7.771667898736306,False
1.2200000000000006,0.0,0.0,22.69520153009477,0.0,0.0,0.0,0.0,0.0,20.73370086737774,0.0,0.0,0.0,[858.2298214899953],-7.730479846990522,False
1.2400000000000007,0.0,0.0,23.1127431135488,0.0,0.0,0.0,0.0,0.0,21.02045747802519,0.0,0.0,0.0,[867.2340217173976],-7.688725688645119,False
1.2600000000000007,0.0,0.0,23.535748597794893,0.0,0.0,0.0,0.0,0.0,21.280090946584277,0.0,0.0,0.0,[859.8121055862929],-7.646425140220511,False
1.2800000000000007,0.0,0.0,23.96398317696167,0.0,0.0,0.0,0.0,0.0,21.54336697009337,0.0,0.0,0.0,[866.7494137291711],-7.603601682303832,False
1.3000000000000007,0.0,0.0,24.397532387470065,0.0,0.0,0.0,0.0,0.0,21.811554080746102,0.0,0.0,0.0,[874.3715122697631],-7.560246761252993,False
1.3200000000000007,0.0,0.0,24.83633781379445,0.0,0.0,0.0,0.0,0.0,22.068988551692804,0.0,0.0,0.0,[874.6705614878364],-7.516366218620556,False
1.3400000000000007,0.0,0.0,25.280280458341885,0.0,0.0,0.0,0.0,0.0,22.325275903050816,0.0,0.0,0.0,[879.3723658022554],-7.471971954165813,False
1.3600000000000008,0.0,0.0,25.72918335949475,0.0,0.0,0.0,0.0,0.0,22.56501421223597,0.0,0.0,0.0,[876.8075324397956],-7.427081664050524,False
1.3800000000000008,0.0,0.0,26.18271582524973,0.0,0.0,0.0,0.0,0.0,22.788232363261795,0.0,0.0,0.0,[873.9618768145211],-7.381728417475028,False
1.4000000000000008,0.0,0.0,26.640438435543285,0.0,0.0,0.0,0.0,0.0,22.9840286660937,0.0,0.0,0.0,[865.5832713188621],-7.335956156445671,False
1.4200000000000008,0.0,0.0,27.102189188906024,0.0,0.0,0.0,0.0,0.0,23.191046670180274,0.0,0.0,0.0,[875.1420282193772],-7.289781081109398,False
1.4400000000000008,0.0,0.0,27.568019108617573,0.0,0.0,0.0,0.0,0.0,23.391945300974385,0.0,0.0,0.0,[876.6796318418016],-7.243198089138242,False
1.4600000000000009,0.0,0.0,28.037681251896434,0.0,0.0,0.0,0.0,0.0,23.574269026911548,0.0,0.0,0.0,[872.1990875611007],-7.196231874810357,False
1.4800000000000009,0.0,0.0,28.510946088298244,0.0,0.0,0.0,0.0,0.0,23.75221461326975,0.0,0.0,0.0,[874.1067033780399],-7.148905391170176,False
1.5000000000000009,0.0,0.0,28.987773428299896,0.0,0.0,0.0,0.0,0.0,23.930519386895522,0.0,0.0,0.0,[878.1919858373877],-7.10122265717001,False
1.520000000000001,0.0,0.0,29.468122822704505,0.0,0.0,0.0,0.0,0.0,24.104420053565494,0.0,0.0,0.0,[880.0460749399938],-7.05318771772955,False
1.540000000000001,0.0,0.0,29.951866184524864,0.0,0.0,0.0,0.0,0.0,24.269916128470385,0.0,0.0,0.0,[879.9377117811259],-7.004813381547514,False
1.560000000000001,0.0,0.0,30.438772496995096,0.0,0.0,0.0,0.0,0.0,24.420715118552806,0.0,0.0,0.0,[876.6866399334349],-6.95612275030049,False
1.580000000000001,0.0,0.0,30.928658645041573,0.0,0.0,0.0,0.0,0.0,24.56789968609491,0.0,0.0,0.0,[878.3803167382763],-6.907134135495844,False
1.600000000000001,0.0,0.0,31.421401099084807,0.0,0.0,0.0,0.0,0.0,24.706345718228622,0.0,0.0,0.0,[877.5831445368981],-6.85785989009152,False
1.620000000000001,0.0,0.0,31.917029539868825,0.0,0.0,0.0,0.0,0.0,24.856498360173255,0.0,0.0,0.0,[886.2572249319181],-6.808297046013117,False
1.640000000000001,0.0,0.0,32.415709144948174,0.0,0.0,0.0,0.0,0.0,25.011462147761545,0.0,0.0,0.0,[891.918034812581],-6.758429085505182,False
1.660000000000001,0.0,0.0,32.91743905503702,0.0,0.0,0.0,0.0,0.0,25.161528861123735,0.0,0.0,0.0,[893.1609719611837],-6.7082560944962975,False
1.680000000000001,0.0,0.0,33.42212252884661,0.0,0.0,0.0,0.0,0.0,25.306818519834682,0.0,0.0,0.0,[894.367650765628],-6.657787747115339,False
1.700000000000001,0.0,0.0,33.92976960462792,0.0,0.0,0.0,0.0,0.0,25.457889058296452,0.0,0.0,0.0,[900.3762216955411],-6.607023039537207,False
1.720000000000001,0.0,0.0,34.44036665727503,0.0,0.0,0.0,0.0,0.0,25.60181620641413,0.0,0.0,0.0,[900.5435386585967],-6.555963334272496,False
1.740000000000001,0.0,0.0,34.95383978899607,0.0,0.0,0.0,0.0,0.0,25.74549696569027,0.0,0.0,0.0,[903.7474399749401],-6.504616021100392,False
1.7600000000000011,0.0,0.0,35.47017919475052,0.0,0.0,0.0,0.0,0.0,25.88844360975537,0.0,0.0,0.0,[906.7291126242252],-6.452982080524947,False
1.7800000000000011,0.0,0.0,35.98924801100994,0.0,0.0,0.0,0.0,0.0,26.018438016186796,0.0,0.0,0.0,[904.0959967382879],-6.401075198899005,False
1.8000000000000012,0.0,0.0,36.510909778657094,0.0,0.0,0.0,0.0,0.0,26.147738748528678,0.0,0.0,0.0,[906.8121555153535],-6.34890902213429,False
1.8200000000000012,0.0,0.0,37.03507815613012,0.0,0.0,0.0,0.0,0.0,26.26909899877425,0.0,0.0,0.0,[906.1972645790797],-6.296492184386988,False
1.8400000000000012,0.0,0.0,37.56146564513081,0.0,0.0,0.0,0.0,0.0,26.369649901294533,0.0,0.0,0.0,[899.4749661387191],-6.243853435486919,False
1.8600000000000012,0.0,0.0,38.08981457863915,0.0,0.0,0.0,0.0,0.0,26.465243449539983,0.0,0.0,0.0,[899.5778369695042],-6.191018542136085,False
1.8800000000000012,0.0,0.0,38.62023401684438,0.0,0.0,0.0,0.0,0.0,26.576700370983286,0.0,0.0,0.0,[909.1519744094467],-6.1379765983155625,False
1.9000000000000012,0.0,0.0,39.15287679375241,0.0,0.0,0.0,0.0,0.0,26.68757731982039,0.0,0.0,0.0,[911.5316329945769],-6.084712320624758,False
1.9200000000000013,0.0,0.0,39.6877376432948,0.0,0.0,0.0,0.0,0.0,26.798507634418613,0.0,0.0,0.0,[914.1907205267995],-6.03122623567052,False
1.9400000000000013,0.0,0.0,40.22471460182674,0.0,0.0,0.0,0.0,0.0,26.899188218775127,0.0,0.0,0.0,[912.1657897651065],-5.977528539817326,False
1.9600000000000013,0.0,0.0,40.76377081653811,0.0,0.0,0.0,0.0,0.0,27.006433252361923,0.0,0.0,0.0,[917.5584943354398],-5.923622918346188,False
1.9800000000000013,0.0,0.0,41.30486228932659,0.0,0.0,0.0,0.0,0.0,27.102714026485966,0.0,0.0,0.0,[915.1484541342215],-5.869513771067341,False
2.0000000000000013,0.0,0.0,41.84755527419247,0.0,0.0,0.0,0.0,0.0,27.166584460102165,0.0,0.0,0.0,[902.6429202237817],-5.815244472580753,False
2.0200000000000014,0.0,0.0,42.391506736419494,0.0,0.0,0.0,0.0,0.0,27.228561762599796,0.0,0.0,0.0,[903.3337030749091],-5.76084932635805,False
2.0400000000000014,0.0,0.0,42.936573543009516,0.0,0.0,0.0,0.0,0.0,27.278118896402813,0.0,0.0,0.0,[899.121800006614],-5.706342645699048,False
2.0600000000000014,0.0,0.0,43.48262032829367,0.0,0.0,0.0,0.0,0.0,27.32655963201284,0.0,0.0,0.0,[899.8282771992526],-5.651737967170632,False
2.0800000000000014,0.0,0.0,44.02957237845737,0.0,0.0,0.0,0.0,0.0,27.36864538435627,0.0,0.0,0.0,[898.08456729541],-5.597042762154263,False
2.1000000000000014,0.0,0.0,44.57736136214989,0.0,0.0,0.0,0.0,0.0,27.410252984895433,0.0,0.0,0.0,[898.9064469963142],-5.542263863785011,False
2.1200000000000014,0.0,0.0,45.12593344512683,0.0,0.0,0.0,0.0,0.0,27.446955312799613,0.0,0.0,0.0,[897.6671910633111],-5.487406655487317,False
2.1400000000000015,0.0,0.0,45.67511626649945,0.0,0.0,0.0,0.0,0.0,27.471326824462295,0.0,0.0,0.0,[892.8509658558154],-5.432488373350055,False
2.1600000000000015,0.0,0.0,46.22473916402333,0.0,0.0,0.0,0.0,0.0,27.490962927926113,0.0,0.0,0.0,[891.2527791600185],-5.377526083597667,False
2.1800000000000015,0.0,0.0,46.77478159035543,0.0,0.0,0.0,0.0,0.0,27.513279705283946,0.0,0.0,0.0,[892.9959723556337],-5.322521840964457,False
2.2000000000000015,0.0,0.0,47.3253143661924,0.0,0.0,0.0,0.0,0.0,27.539997878412926,0.0,0.0,0.0,[895.603201115508],-5.26746856338076,False
2.2200000000000015,0.0,0.0,47.876259110392574,0.0,0.0,0.0,0.0,0.0,27.55447654160451,0.0,0.0,0.0,[890.5704121065518],-5.212374088960743,False
2.2400000000000015,0.0,0.0,48.4277125249135,0.0,0.0,0.0,0.0,0.0,27.590864910488744,0.0,0.0,0.0,[901.111417685546],-5.15722874750865,False
2.2600000000000016,0.0,0.0,48.979944843143926,0.0,0.0,0.0,0.0,0.0,27.632366912553735,0.0,0.0,0.0,[904.374082040004],-5.102005515685607,False
2.2800000000000016,0.0,0.0,49.532987693372526,0.0,0.0,0.0,0.0,0.0,27.67191811030582,0.0,0.0,0.0,[904.5084224552454],-5.046701230662748,False
2.3000000000000016,0.0,0.0,50.08673840162236,0.0,0.0,0.0,0.0,0.0,27.703152714677973,0.0,0.0,0.0,[901.6622689017911],-4.991326159837764,False
2.3200000000000016,0.0,0.0,50.64113874970062,0.0,0.0,0.0,0.0,0.0,27.73688209314816,0.0,0.0,0.0,[903.5928989545254],-4.935886125029938,False
2.3400000000000016,0.0,0.0,51.19631703961003,0.0,0.0,0.0,0.0,0.0,27.78094689779251,0.0,0.0,0.0,[909.178637557853],-4.880368296038997,False
2.3600000000000017,0.0,0.0,51.75237833438989,0.0,0.0,0.0,0.0,0.0,27.825182580193847,0.0,0.0,0.0,[910.3519128903584],-4.824762166561011,False
2.3800000000000017,0.0,0.0,52.30918312715888,0.0,0.0,0.0,0.0,0.0,27.855296696705324,0.0,0.0,0.0,[904.9807388613906],-4.769081687284112,False
2.4000000000000017,0.0,0.0,52.86656977543999,0.0,0.0,0.0,0.0,0.0,27.8833681314058,0.0,0.0,0.0,[904.7959167324457],-4.713343022456001,False
2.4200000000000017,0.0,0.0,53.42449370159904,0.0,0.0,0.0,0.0,0.0,27.90902448449884,0.0,0.0,0.0,[904.3892345857639],-4.657550629840096,False
2.4400000000000017,0.0,0.0,53.9829607196915,0.0,0.0,0.0,0.0,0.0,27.937677324747025,0.0,0.0,0.0,[906.410446607992],-4.60170392803085,False
2.4600000000000017,0.0,0.0,54.54211032695729,0.0,0.0,0.0,0.0,0.0,27.97728340183253,0.0,0.0,0.0,[912.1403844113844],-4.54578896730427,False
2.4800000000000018,0.0,0.0,55.101972169945526,0.0,0.0,0.0,0.0,0.0,28.00890089699105,0.0,0.0,0.0,[909.4804093867189],-4.489802783005448,False
2.5000000000000018,0.0,0.0,55.66225461297365,0.0,0.0,0.0,0.0,0.0,28.019343405821495,0.0,0.0,0.0,[900.5395236178995],-4.433774538702635,False
2.520000000000002,0.0,0.0,56.22281329596893,0.0,0.0,0.0,0.0,0.0,28.03652489370657,0.0,0.0,0.0,[903.9121485799627],-4.377718670403107,False
2.540000000000002,0.0,0.0,56.78383173030132,0.0,0.0,0.0,0.0,0.0,28.06531853953209,0.0,0.0,0.0,[909.6741101555117],-4.321616826969868,False
2.560000000000002,0.0,0.0,57.34534618314936,0.0,0.0,0.0,0.0,0.0,28.086126745272235,0.0,0.0,0.0,[906.7392413312327],-4.265465381685064,False
2.580000000000002,0.0,0.0,57.90740014744477,0.0,0.0,0.0,0.0,0.0,28.119269684268982,0.0,0.0,0.0,[912.9044263951322],-4.209259985255523,False
2.600000000000002,0.0,0.0,58.469885872979454,0.0,0.0,0.0,0.0,0.0,28.129302869199645,0.0,0.0,0.0,[903.1480379795356],-4.153011412702055,False
2.620000000000002,0.0,0.0,59.032687574999244,0.0,0.0,0.0,0.0,0.0,28.150867332778994,0.0,0.0,0.0,[908.6991319310721],-4.096731242500075,False
2.640000000000002,0.0,0.0,59.59596606918114,0.0,0.0,0.0,0.0,0.0,28.1769820854103,0.0,0.0,0.0,[911.3232432556625],-4.040403393081887,False
2.660000000000002,0.0,0.0,60.159953252426185,0.0,0.0,0.0,0.0,0.0,28.221736239094742,0.0,0.0,0.0,[920.4469359548896],-3.9840046747573816,False
2.680000000000002,0.0,0.0,60.72489553673627,0.0,0.0,0.0,0.0,0.0,28.272492191913358,0.0,0.0,0.0,[924.2694193238822],-3.927510446326373,False
2.700000000000002,0.0,0.0,61.29066772883784,0.0,0.0,0.0,0.0,0.0,28.304727018243746,0.0,0.0,0.0,[917.1660487750754],-3.870933227116216,False
2.720000000000002,0.0,0.0,61.856961200664536,0.0,0.0,0.0,0.0,0.0,28.324620164425955,0.0,0.0,0.0,[912.3631053868435],-3.8143038799335467,False
2.740000000000002,0.0,0.0,62.42335857076237,0.0,0.0,0.0,0.0,0.0,28.31511684535674,0.0,0.0,0.0,[899.364036322504],-3.7576641429237636,False
2.760000000000002,0.0,0.0,62.98954754970045,0.0,0.0,0.0,0.0,0.0,28.30378104845111,0.0,0.0,0.0,[898.2716571697297],-3.701045245029955,False
2.780000000000002,0.0,0.0,63.55562599486949,0.0,0.0,0.0,0.0,0.0,28.304063468452675,0.0,0.0,0.0,[903.3491857166786],-3.6444374005130515,False
2.800000000000002,0.0,0.0,64.1217180274545,0.0,0.0,0.0,0.0,0.0,28.305139790050198,0.0,0.0,0.0,[903.7220717451239],-3.5878281972545496,False
2.820000000000002,0.0,0.0,64.68776196881261,0.0,0.0,0.0,0.0,0.0,28.299254345760563,0.0,0.0,0.0,[900.5379070214134],-3.5312238031187393,False
2.840000000000002,0.0,0.0,65.2538258456954,0.0,0.0,0.0,0.0,0.0,28.307133342519997,0.0,0.0,0.0,[906.7271453534638],-3.47461741543046,False
2.860000000000002,0.0,0.0,65.82002544712233,0.0,0.0,0.0,0.0,0.0,28.312826800173255,0.0,0.0,0.0,[905.9239690578128],-3.4179974552877668,False
2.880000000000002,0.0,0.0,66.38627347442667,0.0,0.0,0.0,0.0,0.0,28.311975930260402,0.0,0.0,0.0,[903.0579073739203],-3.361372652557333,False
2.900000000000002,0.0,0.0,66.95264646631499,0.0,0.0,0.0,0.0,0.0,28.325323258569977,0.0,0.0,0.0,[909.5560958133628],-3.3047353533685015,False
2.920000000000002,0.0,0.0,67.51926633225243,0.0,0.0,0.0,0.0,0.0,28.336663335173796,0.0,0.0,0.0,[908.9759476322487],-3.2480733667747574,False
2.940000000000002,0.0,0.0,68.08614586655438,0.0,0.0,0.0,0.0,0.0,28.351290095020442,0.0,0.0,0.0,[910.7668805683606],-3.1913854133445625,False
2.960000000000002,0.0,0.0,68.65319777114547,0.0,0.0,0.0,0.0,0.0,28.353900364088194,0.0,0.0,0.0,[905.6321963189455],-3.134680222885453,False
2.980000000000002,0.0,0.0,69.22035195775291,0.0,0.0,0.0,0.0,0.0,28.361518296655852,0.0,0.0,0.0,[907.9969127039792],-3.0779648042247088,False
3.000000000000002,0.0,0.0,69.78758630359356,0.0,0.0,0.0,0.0,0.0,28.361916287409052,0.0,0.0,0.0,[904.8760870630529],-3.021241369640644,False
3.0200000000000022,0.0,0.0,70.3548603274888,0.0,0.0,0.0,0.0,0.0,28.36548610211462,0.0,0.0,0.0,[906.3438707573561],-2.9645139672511207,False
3.0400000000000023,0.0,0.0,70.92211584487461,0.0,0.0,0.0,0.0,0.0,28.36006563646731,0.0,0.0,0.0,[902.2976309704985],-2.907788415512539,False
3.0600000000000023,0.0,0.0,71.48920694255135,0.0,0.0,0.0,0.0,0.0,28.34904413120608,0.0,0.0,0.0,[899.5712784453663],-2.8510793057448653,False
3.0800000000000023,0.0,0.0,72.05635392094788,0.0,0.0,0.0,0.0,0.0,28.36565370844744,0.0,0.0,0.0,[911.9859313998654],-2.7943646079052114,False
3.1000000000000023,0.0,0.0,72.62384105458315,0.0,0.0,0.0,0.0,0.0,28.38305965507865,0.0,0.0,0.0,[912.7696648743457],-2.7376158945416846,False
3.1200000000000023,0.0,0.0,73.1914912905347,0.0,0.0,0.0,0.0,0.0,28.381963940076364,0.0,0.0,0.0,[904.7392097463133],-2.68085087094653,False
3.1400000000000023,0.0,0.0,73.75926627419157,0.0,0.0,0.0,0.0,0.0,28.39553442561164,0.0,0.0,0.0,[911.4328705450946],-2.6240733725808423,False
3.1600000000000024,0.0,0.0,74.32736774431979,0.0,0.0,0.0,0.0,0.0,28.414612587209405,0.0,0.0,0.0,[914.2875765773186],-2.5672632255680212,False
3.1800000000000024,0.0,0.0,74.89589864264997,0.0,0.0,0.0,0.0,0.0,28.438477245808688,0.0,0.0,0.0,[916.9452519765784],-2.5104101357350035,False
3.2000000000000024,0.0,0.0,75.46463002213679,0.0,0.0,0.0,0.0,0.0,28.434660702873224,0.0,0.0,0.0,[904.9050261466778],-2.4535369977863213,False
3.2200000000000024,0.0,0.0,76.03327500244062,0.0,0.0,0.0,0.0,0.0,28.429837327509826,0.0,0.0,0.0,[904.3441079331683],-2.396672499755938,False
3.2400000000000024,0.0,0.0,76.60200046708209,0.0,0.0,0.0,0.0,0.0,28.44270913663758,0.0,0.0,0.0,[912.3286575954269],-2.3397999532917906,False
3.2600000000000025,0.0,0.0,77.17084888217823,0.0,0.0,0.0,0.0,0.0,28.44213237297656,0.0,0.0,0.0,[906.501974023277],-2.2829151117821764,False
3.2800000000000025,0.0,0.0,77.7396866336441,0.0,0.0,0.0,0.0,0.0,28.44164277360902,0.0,0.0,0.0,[906.527251661332],-2.2260313366355904,False
3.3000000000000025,0.0,0.0,78.30852653166946,0.0,0.0,0.0,0.0,0.0,28.442347028927127,0.0,0.0,0.0,[907.062671150684],-2.1691473468330544,False
3.3200000000000025,0.0,0.0,78.87712784200518,0.0,0.0,0.0,0.0,0.0,28.41778400464542,0.0,0.0,0.0,[895.4126201903057],-2.112287215799482,False
3.3400000000000025,0.0,0.0,79.4452820795634,0.0,0.0,0.0,0.0,0.0,28.39763975117649,0.0,0.0,0.0,[896.8301026298436],-2.0554717920436603,False
3.3600000000000025,0.0,0.0,80.01274231748674,0.0,0.0,0.0,0.0,0.0,28.348384041158322,0.0,0.0,0.0,[882.6893401497574],-1.998725768251326,False
3.3800000000000026,0.0,0.0,80.57933857823106,0.0,0.0,0.0,0.0,0.0,28.311242033272787,0.0,0.0,0.0,[887.1003679219774],-1.9420661421768939,False
3.4000000000000026,0.0,0.0,81.14509483222994,0.0,0.0,0.0,0.0,0.0,28.26438336661506,0.0,0.0,0.0,[881.5583355941105],-1.8854905167770055,False
3.4200000000000026,0.0,0.0,81.70996080744737,0.0,0.0,0.0,0.0,0.0,28.222214155128118,0.0,0.0,0.0,[882.5470083134724],-1.8290039192552627,False
3.4400000000000026,0.0,0.0,82.27409559333985,0.0,0.0,0.0,0.0,0.0,28.191264434119503,0.0,0.0,0.0,[886.728761834952],-1.772590440666015,False
3.4600000000000026,0.0,0.0,82.83777056175214,0.0,0.0,0.0,0.0,0.0,28.176232407108014,0.0,0.0,0.0,[893.372913427064],-1.7162229438247865,False
3.4800000000000026,0.0,0.0,83.40114740893794,0.0,0.0,0.0,0.0,0.0,28.161452311472075,0.0,0.0,0.0,[893.1039832976802],-1.6598852591062054,False
3.5000000000000027,0.0,0.0,83.96412918601526,0.0,0.0,0.0,0.0,0.0,28.13672539625988,0.0,0.0,0.0,[888.0749570300462],-1.6035870813984743,False
3.5200000000000027,0.0,0.0,84.52663780607217,0.0,0.0,0.0,0.0,0.0,28.114136609431423,0.0,0.0,0.0,[888.4385149432796],-1.5473362193927827,False
3.5400000000000027,0.0,0.0,85.08865229629673,0.0,0.0,0.0,0.0,0.0,28.087312413023355,0.0,0.0,0.0,[885.8683042987575],-1.491134770370327,False
3.5600000000000027,0.0,0.0,85.65016730518623,0.0,0.0,0.0,0.0,0.0,28.06418847592741,0.0,0.0,0.0,[886.913033141223],-1.4349832694813769,False
3.5800000000000027,0.0,0.0,86.21140819632821,0.0,0.0,0.0,0.0,0.0,28.05990063826969,0.0,0.0,0.0,[895.117651160166],-1.3788591803671792,False
3.6000000000000028,0.0,0.0,86.77267813944553,0.0,0.0,0.0,0.0,0.0,28.067093673463827,0.0,0.0,0.0,[900.3309250483222],-1.3227321860554468,False
3.6200000000000028,0.0,0.0,87.334226642099,0.0,0.0,0.0,0.0,0.0,28.087756591882965,0.0,0.0,0.0,[906.717310281095],-1.2665773357901002,False
3.640000000000003,0.0,0.0,87.89624133386872,0.0,0.0,0.0,0.0,0.0,28.113712585088432,0.0,0.0,0.0,[909.663147185341],-1.2103758666131283,False
3.660000000000003,0.0,0.0,88.45881500943993,0.0,0.0,0.0,0.0,0.0,28.14365497203311,0.0,0.0,0.0,[912.1366474545961],-1.154118499056007,False
3.680000000000003,0.0,0.0,89.0220340306436,0.0,0.0,0.0,0.0,0.0,28.178247148333188,0.0,0.0,0.0,[915.005737286849],-1.0977965969356405,False
3.700000000000003,0.0,0.0,89.58582457071726,0.0,0.0,0.0,0.0,0.0,28.20080685903323,0.0,0.0,0.0,[910.3884927251611],-1.0414175429282737,False
3.720000000000003,0.0,0.0,90.15006859653613,0.0,0.0,0.0,0.0,0.0,28.223595722853325,0.0,0.0,0.0,[911.0619625492072],-0.984993140346387,False
3.740000000000003,0.0,0.0,90.71473565524236,0.0,0.0,0.0,0.0,0.0,28.243110147769038,0.0,0.0,0.0,[910.1405075206968],-0.9285264344757636,False
3.760000000000003,0.0,0.0,91.27955735683585,0.0,0.0,0.0,0.0,0.0,28.239060011579642,0.0,0.0,0.0,[899.7995213942994],-0.8720442643164148,False
3.780000000000003,0.0,0.0,91.84439438908646,0.0,0.0,0.0,0.0,0.0,28.244643213481407,0.0,0.0,0.0,[904.1411581792714],-0.815560561091354,False
3.800000000000003,0.0,0.0,92.40926121715857,0.0,0.0,0.0,0.0,0.0,28.242039593730382,0.0,0.0,0.0,[900.5074871960462],-0.7590738782841427,False
3.820000000000003,0.0,0.0,92.97384996631943,0.0,0.0,0.0,0.0,0.0,28.216835322356008,0.0,0.0,0.0,[889.9337039255197],-0.7026150033680566,False
3.840000000000003,0.0,0.0,93.5380295119239,0.0,0.0,0.0,0.0,0.0,28.201119238089376,0.0,0.0,0.0,[893.7117038339441],-0.6461970488076105,False
3.860000000000003,0.0,0.0,94.10183995169135,0.0,0.0,0.0,0.0,0.0,28.17992473865571,0.0,0.0,0.0,[890.7515829404769],-0.5898160048308654,False
3.880000000000003,0.0,0.0,94.66542932036337,0.0,0.0,0.0,0.0,0.0,28.1790121285467,0.0,0.0,0.0,[899.6371243332336],-0.5334570679636628,False
3.900000000000003,0.0,0.0,95.22902850038952,0.0,0.0,0.0,0.0,0.0,28.18090587406795,0.0,0.0,0.0,[900.9111792964853],-0.47709714996104824,False
3.920000000000003,0.0,0.0,95.7925084336429,0.0,0.0,0.0,0.0,0.0,28.167087451269413,0.0,0.0,0.0,[893.6720372188331],-0.42074915663571066,False
3.940000000000003,0.0,0.0,96.35586332991727,0.0,0.0,0.0,0.0,0.0,28.168402176169053,0.0,0.0,0.0,[900.33978799292],-0.36441366700827305,False
3.960000000000003,0.0,0.0,96.91937617802346,0.0,0.0,0.0,0.0,0.0,28.18288263444988,0.0,0.0,0.0,[906.4384222512086],-0.30806238219765447,False
3.980000000000003,0.0,0.0,97.48317627051084,0.0,0.0,0.0,0.0,0.0,28.19712661428748,0.0,0.0,0.0,[906.6964232748057],-0.2516823729489161,False
4.000000000000003,0.0,0.0,98.04710053543734,0.0,0.0,0.0,0.0,0.0,28.19529987836199,0.0,0.0,0.0,[899.6532479759393],-0.19528994645626627,False
4.020000000000002,0.0,0.0,98.6111025450665,0.0,0.0,0.0,0.0,0.0,28.204901084553946,0.0,0.0,0.0,[904.8779900806915],-0.1388897454933499,False
4.040000000000002,0.0,0.0,99.175215171285,0.0,0.0,0.0,0.0,0.0,28.20636153729607,0.0,0.0,0.0,[901.3707538753254],-0.08247848287149964,False
4.060000000000001,0.0,0.0,99.7393198888796,0.0,0.0,0.0,0.0,0.0,28.204110222163283,0.0,0.0,0.0,[899.6926257216791],-0.026068011112039356,False
4.080000000000001,0.0,0.0,100.30338358734389,0.0,0.0,0.0,0.0,0.0,28.202259624264396,0.0,0.0,0.0,[899.8204942772661],9.939323282531223,False
4.1000000000000005,0.0,0.0,100.86759555211931,0.0,0.0,0.0,0.0,0.0,28.21893685327934,0.0,0.0,0.0,[908.3026046712241],9.826480889576137,False
4.12,0.0,0.0,101.43198720705435,0.0,0.0,0.0,0.0,0.0,28.22022864022537,0.0,0.0,0.0,[901.6506461496834],9.71360255858913,False
4.14,0.0,0.0,101.99647428469328,0.0,0.0,0.0,0.0,0.0,28.228479123667753,0.0,0.0,0.0,[904.8897065574279],9.600705143061345,False
4.159999999999999,0.0,0.0,102.56114252978841,0.0,0.0,0.0,0.0,0.0,28.23834538584583,0.0,0.0,0.0,[905.8419376393412],9.487771494042319,False
4.179999999999999,0.0,0.0,103.12609491426791,0.0,0.0,0.0,0.0,0.0,28.256893062103554,0.0,0.0,0.0,[910.0710848397774],9.374781017146418,False
4.199999999999998,0.0,0.0,103.69159856672921,0.0,0.0,0.0,0.0,0.0,28.293472184028065,0.0,0.0,0.0,[918.744403698772],9.261680286654158,False
4.219999999999998,0.0,0.0,104.25780395407993,0.0,0.0,0.0,0.0,0.0,28.327066551044933,0.0,0.0,0.0,[918.3091954288793],9.148439209184012,False
4.2399999999999975,0.0,0.0,104.82449917555653,0.0,0.0,0.0,0.0,0.0,28.34245559661425,0.0,0.0,0.0,[910.8720469125964],9.035100164888695,False
4.259999999999997,0.0,0.0,105.39130693616842,0.0,0.0,0.0,0.0,0.0,28.338320464575744,0.0,0.0,0.0,[902.3010217834703],8.921738612766315,False
4.279999999999997,0.0,0.0,105.95790252407195,0.0,0.0,0.0,0.0,0.0,28.321238325778157,0.0,0.0,0.0,[896.2028954483546],8.80841949518561,False
4.299999999999996,0.0,0.0,106.52412003485644,0.0,0.0,0.0,0.0,0.0,28.300512752670386,0.0,0.0,0.0,[894.0685873500678],8.695175993028712,False
4.319999999999996,0.0,0.0,107.08996641847357,0.0,0.0,0.0,0.0,0.0,28.284125609042007,0.0,0.0,0.0,[895.5523285924603],8.582006716305287,False
4.339999999999995,0.0,0.0,107.65553086118625,0.0,0.0,0.0,0.0,0.0,28.27231866222597,0.0,0.0,0.0,[897.2575510124888],8.46889382776275,False
4.359999999999995,0.0,0.0,108.22074931427204,0.0,0.0,0.0,0.0,0.0,28.24952664635338,0.0,0.0,0.0,[891.842835672786],8.355850137145593,False
4.379999999999995,0.0,0.0,108.78541175898222,0.0,0.0,0.0,0.0,0.0,28.216717824664247,0.0,0.0,0.0,[886.5645481557882],8.242917648203555,False
4.399999999999994,0.0,0.0,109.34945847356309,0.0,0.0,0.0,0.0,0.0,28.187953633422513,0.0,0.0,0.0,[887.6116288636634],8.130108305287383,False
4.419999999999994,0.0,0.0,109.91319664935737,0.0,0.0,0.0,0.0,0.0,28.18586394600671,0.0,0.0,0.0,[899.2974056264525],8.017360670128525,False
4.439999999999993,0.0,0.0,110.47688743135875,0.0,0.0,0.0,0.0,0.0,28.183214254130124,0.0,0.0,0.0,[898.9848434849872],7.90462251372825,False
4.459999999999993,0.0,0.0,111.04036789029722,0.0,0.0,0.0,0.0,0.0,28.16483163971618,0.0,0.0,0.0,[891.6033963888543],7.7919264219405555,False
4.479999999999992,0.0,0.0,111.60360139782559,0.0,0.0,0.0,0.0,0.0,28.158519113120327,0.0,0.0,0.0,[896.7494783747848],7.679279720434882,False
4.499999999999992,0.0,0.0,112.16672379110331,0.0,0.0,0.0,0.0,0.0,28.153720214651127,0.0,0.0,0.0,[897.290321805809],7.566655241779338,False
4.519999999999992,0.0,0.0,112.72969940188273,0.0,0.0,0.0,0.0,0.0,28.143840863291224,0.0,0.0,0.0,[894.8078279023833],7.4540601196234535,False
4.539999999999991,0.0,0.0,113.29243897200227,0.0,0.0,0.0,0.0,0.0,28.130116148662616,0.0,0.0,0.0,[892.7638583136974],7.341512205599546,False
4.559999999999991,0.0,0.0,113.85475513358344,0.0,0.0,0.0,0.0,0.0,28.101500009454146,0.0,0.0,0.0,[885.4395115729957],7.229048973283312,False
4.57999999999999,0.0,0.0,114.41695715944833,0.0,0.0,0.0,0.0,0.0,28.118702577035364,0.0,0.0,0.0,[905.996756417703],7.116608568110333,False
4.59999999999999,0.0,0.0,114.97947731365076,0.0,0.0,0.0,0.0,0.0,28.133312843208415,0.0,0.0,0.0,[905.2403798952345],7.004104537269849,False
4.6199999999999894,0.0,0.0,115.54234459956778,0.0,0.0,0.0,0.0,0.0,28.153415748493998,0.0,0.0,0.0,[908.130687767248],6.891531080086444,False
4.639999999999989,0.0,0.0,116.10560263936682,0.0,0.0,0.0,0.0,0.0,28.172388231409847,0.0,0.0,0.0,[908.1200724579078],6.778879472126636,False
4.659999999999989,0.0,0.0,116.66941783900563,0.0,0.0,0.0,0.0,0.0,28.20913173247161,0.0,0.0,0.0,[916.7028517244855],6.666116432198873,False
4.679999999999988,0.0,0.0,117.2338115484479,0.0,0.0,0.0,0.0,0.0,28.230239211755737,0.0,0.0,0.0,[910.5036484345919],6.553237690310421,False
4.699999999999988,0.0,0.0,117.79853169970347,0.0,0.0,0.0,0.0,0.0,28.241775913800808,0.0,0.0,0.0,[906.6537105379653],6.440293660059306,False
4.719999999999987,0.0,0.0,118.36323277033007,0.0,0.0,0.0,0.0,0.0,28.228331148858665,0.0,0.0,0.0,[895.4094435764619],6.327353445933986,False
4.739999999999987,0.0,0.0,118.92786775424486,0.0,0.0,0.0,0.0,0.0,28.23516724262113,0.0,0.0,0.0,[904.4449334774339],6.21442644915103,False
4.7599999999999865,0.0,0.0,119.49268244265896,0.0,0.0,0.0,0.0,0.0,28.246301598789707,0.0,0.0,0.0,[906.5940114546916],6.101463511468207,False
4.779999999999986,0.0,0.0,120.05772240902357,0.0,0.0,0.0,0.0,0.0,28.257695037671628,0.0,0.0,0.0,[906.9953554796211],5.988455518195286,False
4.799999999999986,0.0,0.0,120.62309753298352,0.0,0.0,0.0,0.0,0.0,28.279817358323626,0.0,0.0,0.0,[912.1924831447237],5.875380493403295,False
4.819999999999985,0.0,0.0,121.18887977040436,0.0,0.0,0.0,0.0,0.0,28.298406383758945,0.0,0.0,0.0,[911.1382519570697],5.76222404591913,False
4.839999999999985,0.0,0.0,121.7549740391565,0.0,0.0,0.0,0.0,0.0,28.31102049145509,0.0,0.0,0.0,[908.8764023775703],5.649005192168701,False
4.859999999999984,0.0,0.0,122.32152939002445,0.0,0.0,0.0,0.0,0.0,28.344514595340872,0.0,0.0,0.0,[918.7041840238154],5.53569412199511,False
4.879999999999984,0.0,0.0,122.88879788065371,0.0,0.0,0.0,0.0,0.0,28.382334467585807,0.0,0.0,0.0,[921.5006911348854],5.422240423869258,False
4.8999999999999835,0.0,0.0,123.45666917281717,0.0,0.0,0.0,0.0,0.0,28.404794748759777,0.0,0.0,0.0,[915.4924596173046],5.308666165436566,False
4.919999999999983,0.0,0.0,124.02501350220295,0.0,0.0,0.0,0.0,0.0,28.42963818981732,0.0,0.0,0.0,[917.1417127402299],5.194997299559409,False
4.939999999999983,0.0,0.0,124.59383341401758,0.0,0.0,0.0,0.0,0.0,28.45235299164629,0.0,0.0,0.0,[916.8026998935691],5.081233317196483,False
4.959999999999982,0.0,0.0,125.16294156883207,0.0,0.0,0.0,0.0,0.0,28.458462489801867,0.0,0.0,0.0,[909.8121203621288],4.967411686233586,False
4.979999999999982,0.0,0.0,125.73215289960548,0.0,0.0,0.0,0.0,0.0,28.462670587540185,0.0,0.0,0.0,[909.0977110853468],4.853569420078903,False
4.999999999999981,0.0,0.0,126.30130257788595,0.0,0.0,0.0,0.0,0.0,28.452297240505704,0.0,0.0,0.0,[902.5058074758999],4.739739484422811,False
5.019999999999981,0.0,0.0,126.87033346914116,0.0,0.0,0.0,0.0,0.0,28.45079188501557,0.0,0.0,0.0,[906.3207085957647],4.625933306171767,True
