time,x,y,z,phi,theta,psi,x_velocity,y_velocity,z_velocity,phi_velocity,theta_velocity,psi_velocity,action,reward,done
0.06,0.0,0.0,100.00000611862404,0.0,0.0,0.0,0.0,0.0,0.00020369719868834125,0.0,0.0,0.0,"[404, 404, 404, 404]",899.99980087072,False
0.12000000000000001,0.0,0.0,100.00002440720303,0.0,0.0,0.0,0.0,0.0,0.00040566730343525106,0.0,0.0,0.0,"[404, 404, 404, 404]",899.9995184125469,False
0.18,0.0,0.0,100.00005476254326,0.0,0.0,0.0,0.0,0.0,0.0006059246951756042,0.0,0.0,0.0,"[404, 404, 404, 404]",899.9992566802547,False
0.23999999999999996,0.0,0.0,100.0000970823104,0.0,0.0,0.0,0.0,0.0,0.000804483639575034,0.0,0.0,0.0,"[404, 404, 404, 404]",899.9990154956143,False
0.3,0.0,0.0,100.0001512650227,0.0,0.0,0.0,0.0,0.0,0.001001358287876798,0.0,0.0,0.0,"[404, 404, 404, 404]",899.9987946805946,False
0.36000000000000004,0.0,0.0,100.000217210044,0.0,0.0,0.0,0.0,0.0,0.0011965626777444911,0.0,0.0,0.0,"[404, 404, 404, 404]",899.998594057387,False
0.4200000000000001,0.0,0.0,100.00029481757704,0.0,0.0,0.0,0.0,0.0,0.0013901107340991577,0.0,0.0,0.0,"[404, 404, 404, 404]",899.998413448429,False
0.48000000000000015,0.0,0.0,100.00038398865671,0.0,0.0,0.0,0.0,0.0,0.001582016269952326,0.0,0.0,0.0,"[404, 404, 404, 404]",899.9982526764279,False
0.5400000000000001,0.0,0.0,100.00048462514333,0.0,0.0,0.0,0.0,0.0,0.0017722929872333664,0.0,0.0,0.0,"[404, 404, 404, 404]",899.998111564382,False
0.6000000000000002,0.0,0.0,100.00059662971603,0.0,0.0,0.0,0.0,0.0,0.001960954477612625,0.0,0.0,0.0,"[404, 404, 404, 404]",899.997989935604,False
0.6600000000000003,0.0,0.0,100.00071990586612,0.0,0.0,0.0,0.0,0.0,0.0021480142233192496,0.0,0.0,0.0,"[404, 404, 404, 404]",899.9978876137408,False
0.7200000000000003,0.0,0.0,100.0008543578906,0.0,0.0,0.0,0.0,0.0,0.0023334855979543125,0.0,0.0,0.0,"[404, 404, 404, 404]",899.9978044227951,False
0.7800000000000004,0.0,0.0,100.00099989088571,0.0,0.0,0.0,0.0,0.0,0.002517381867299179,0.0,0.0,0.0,"[404, 404, 404, 404]",899.9977401871449,False
0.8400000000000004,0.0,0.0,100.00115641074034,0.0,0.0,0.0,0.0,0.0,0.0026997161901188764,0.0,0.0,0.0,"[404, 404, 404, 404]",899.9976947315629,False
0.9000000000000005,0.0,0.0,100.00132382412971,0.0,0.0,0.0,0.0,0.0,0.002880501618960598,0.0,0.0,0.0,"[404, 404, 404, 404]",899.9976678812354,False
0.9600000000000005,0.0,0.0,100.00150203850913,0.0,0.0,0.0,0.0,0.0,0.0030597511009477275,0.0,0.0,0.0,"[404, 404, 404, 404]",899.9976594617812,False
1.0200000000000005,0.0,0.0,100.00169096210746,0.0,0.0,0.0,0.0,0.0,0.0032374774785684786,0.0,0.0,0.0,"[404, 404, 404, 404]",899.9976692992678,False
1.0800000000000005,0.0,0.0,100.0018905039211,0.0,0.0,0.0,0.0,0.0,0.003413693490460164,0.0,0.0,0.0,"[404, 404, 404, 404]",899.9976972202307,False
1.1400000000000006,0.0,0.0,100.00210057370764,0.0,0.0,0.0,0.0,0.0,0.003588411772188641,0.0,0.0,0.0,"[404, 404, 404, 404]",899.9977430516883,False
1.2000000000000006,0.0,0.0,100.00232108197967,0.0,0.0,0.0,0.0,0.0,0.003761644857022566,0.0,0.0,0.0,"[404, 404, 404, 404]",899.9978066211586,False
1.2600000000000007,0.0,0.0,100.00255193999885,0.0,0.0,0.0,0.0,0.0,0.003933405176703086,0.0,0.0,0.0,"[404, 404, 404, 404]",899.9978877566755,False
1.3200000000000007,0.0,0.0,100.00279305976959,0.0,0.0,0.0,0.0,0.0,0.004103705062209307,0.0,0.0,0.0,"[404, 404, 404, 404]",899.9979862868026,False
1.3800000000000008,0.0,0.0,100.00304435403321,0.0,0.0,0.0,0.0,0.0,0.004272556744518046,0.0,0.0,0.0,"[404, 404, 404, 404]",899.9981020406498,False
1.4400000000000008,0.0,0.0,100.00330573626191,0.0,0.0,0.0,0.0,0.0,0.004439972355359428,0.0,0.0,0.0,"[404, 404, 404, 404]",899.998234847885,False
1.5000000000000009,0.0,0.0,100.00357712065286,0.0,0.0,0.0,0.0,0.0,0.004605963927967525,0.0,0.0,0.0,"[404, 404, 404, 404]",899.9983845387508,False
1.560000000000001,0.0,0.0,100.00385842212228,0.0,0.0,0.0,0.0,0.0,0.004770543397826382,0.0,0.0,0.0,"[404, 404, 404, 404]",899.9985509440747,False
1.620000000000001,0.0,0.0,100.00414955629954,0.0,0.0,0.0,0.0,0.0,0.004933722603411309,0.0,0.0,0.0,"[404, 404, 404, 404]",899.9987338952847,False
1.680000000000001,0.0,0.0,100.00445043952149,0.0,0.0,0.0,0.0,0.0,0.005095513286925711,0.0,0.0,0.0,"[404, 404, 404, 404]",899.9989332244195,False
1.740000000000001,0.0,0.0,100.00476098882663,0.0,0.0,0.0,0.0,0.0,0.005255927095032399,0.0,0.0,0.0,"[404, 404, 404, 404]",899.9991487641422,False
1.8000000000000012,0.0,0.0,100.00508112194944,0.0,0.0,0.0,0.0,0.0,0.0054149755795812335,0.0,0.0,0.0,"[404, 404, 404, 404]",899.9993803477505,False
1.8600000000000012,0.0,0.0,100.00541075731464,0.0,0.0,0.0,0.0,0.0,0.00557267019833142,0.0,0.0,0.0,"[404, 404, 404, 404]",899.9996278091888,False
1.9200000000000013,0.0,0.0,100.0057498140316,0.0,0.0,0.0,0.0,0.0,0.005729022315669727,0.0,0.0,0.0,"[404, 404, 404, 404]",899.9998701913424,False
1.9800000000000013,0.0,0.0,100.00609821188883,0.0,0.0,0.0,0.0,0.0,0.005884043203323328,0.0,0.0,0.0,"[404, 404, 404, 404]",899.9997229370679,False
2.0400000000000014,0.0,0.0,100.00645587134832,0.0,0.0,0.0,0.0,0.0,0.006037744041068678,0.0,0.0,0.0,"[404, 404, 404, 404]",899.9994157279964,False
2.1000000000000014,0.0,0.0,100.00682271354017,0.0,0.0,0.0,0.0,0.0,0.00619013591743553,0.0,0.0,0.0,"[404, 404, 404, 404]",899.999092174333,False
2.1600000000000015,0.0,0.0,100.00719866025702,0.0,0.0,0.0,0.0,0.0,0.00634122983040642,0.0,0.0,0.0,"[404, 404, 404, 404]",899.9987523817754,False
2.2200000000000015,0.0,0.0,100.00758363394871,0.0,0.0,0.0,0.0,0.0,0.0064910366881114215,0.0,0.0,0.0,"[404, 404, 404, 404]",899.9983964544791,False
2.2800000000000016,0.0,0.0,100.0079775577169,0.0,0.0,0.0,0.0,0.0,0.0066395673095186155,0.0,0.0,0.0,"[404, 404, 404, 404]",899.9980244950841,False
2.3400000000000016,0.0,0.0,100.00838035530968,0.0,0.0,0.0,0.0,0.0,0.006786832425119608,0.0,0.0,0.0,"[404, 404, 404, 404]",899.9976366047418,False
2.4000000000000017,0.0,0.0,100.00879195111641,0.0,0.0,0.0,0.0,0.0,0.0069328426776109585,0.0,0.0,0.0,"[404, 404, 404, 404]",899.9972328831404,False
2.4600000000000017,0.0,0.0,100.00921227016232,0.0,0.0,0.0,0.0,0.0,0.007077608622570901,0.0,0.0,0.0,"[404, 404, 404, 404]",899.9968134285302,False
2.520000000000002,0.0,0.0,100.00964123810346,0.0,0.0,0.0,0.0,0.0,0.007221140729131654,0.0,0.0,0.0,"[404, 404, 404, 404]",899.9963783377489,False
2.580000000000002,0.0,0.0,100.01007878122138,0.0,0.0,0.0,0.0,0.0,0.007363449380646909,0.0,0.0,0.0,"[404, 404, 404, 404]",899.9959277062453,False
2.640000000000002,0.0,0.0,100.0105248264181,0.0,0.0,0.0,0.0,0.0,0.007504544875355457,0.0,0.0,0.0,"[404, 404, 404, 404]",899.9954616281044,False
2.700000000000002,0.0,0.0,100.01097930121102,0.0,0.0,0.0,0.0,0.0,0.007644437427039925,0.0,0.0,0.0,"[404, 404, 404, 404]",899.9949801960698,False
2.760000000000002,0.0,0.0,100.0114421337278,0.0,0.0,0.0,0.0,0.0,0.007783137165681065,0.0,0.0,0.0,"[404, 404, 404, 404]",899.9944835015679,False
2.820000000000002,0.0,0.0,100.01191325270145,0.0,0.0,0.0,0.0,0.0,0.007920654138107958,0.0,0.0,0.0,"[404, 404, 404, 404]",899.9939716347296,False
2.880000000000002,0.0,0.0,100.01239258746529,0.0,0.0,0.0,0.0,0.0,0.008056998308643657,0.0,0.0,0.0,"[404, 404, 404, 404]",899.993444684414,False
2.940000000000002,0.0,0.0,100.01288006794802,0.0,0.0,0.0,0.0,0.0,0.008192179559746195,0.0,0.0,0.0,"[404, 404, 404, 404]",899.9929027382291,False
3.000000000000002,0.0,0.0,100.0133756246689,0.0,0.0,0.0,0.0,0.0,0.00832620769264596,0.0,0.0,0.0,"[404, 404, 404, 404]",899.9923458825535,False
3.0600000000000023,0.0,0.0,100.01387918873279,0.0,0.0,0.0,0.0,0.0,0.008459092427977922,0.0,0.0,0.0,"[404, 404, 404, 404]",899.9917742025586,False
3.1200000000000023,0.0,0.0,100.01439069182543,0.0,0.0,0.0,0.0,0.0,0.008590843406409766,0.0,0.0,0.0,"[404, 404, 404, 404]",899.9911877822278,False
3.1800000000000024,0.0,0.0,100.0149100662086,0.0,0.0,0.0,0.0,0.0,0.008721470189266362,0.0,0.0,0.0,"[404, 404, 404, 404]",899.9905867043781,False
3.2400000000000024,0.0,0.0,100.01543724471537,0.0,0.0,0.0,0.0,0.0,0.008850982259148934,0.0,0.0,0.0,"[404, 404, 404, 404]",899.9899710506795,False
3.3000000000000025,0.0,0.0,100.01597216074543,0.0,0.0,0.0,0.0,0.0,0.008979389020550772,0.0,0.0,0.0,"[404, 404, 404, 404]",899.9893409016754,False
3.3600000000000025,0.0,0.0,100.01651474826048,0.0,0.0,0.0,0.0,0.0,0.009106699800468132,0.0,0.0,0.0,"[404, 404, 404, 404]",899.9886963368008,False
3.4200000000000026,0.0,0.0,100.01706494177942,0.0,0.0,0.0,0.0,0.0,0.009232923849007611,0.0,0.0,0.0,"[404, 404, 404, 404]",899.9880374344021,False
3.4800000000000026,0.0,0.0,100.01762267637396,0.0,0.0,0.0,0.0,0.0,0.009358070339988549,0.0,0.0,0.0,"[404, 404, 404, 404]",899.987364271756,False
3.5400000000000027,0.0,0.0,100.0181878876639,0.0,0.0,0.0,0.0,0.0,0.009482148371541571,0.0,0.0,0.0,"[404, 404, 404, 404]",899.9866769250862,False
3.6000000000000028,0.0,0.0,100.01876051181269,0.0,0.0,0.0,0.0,0.0,0.009605166966703212,0.0,0.0,0.0,"[404, 404, 404, 404]",899.9859754695833,False
3.660000000000003,0.0,0.0,100.01934048552295,0.0,0.0,0.0,0.0,0.0,0.009727135074005999,0.0,0.0,0.0,"[404, 404, 404, 404]",899.9852599794212,False
3.720000000000003,0.0,0.0,100.01992774603198,0.0,0.0,0.0,0.0,0.0,0.009848061568064694,0.0,0.0,0.0,"[404, 404, 404, 404]",899.9845305277753,False
3.780000000000003,0.0,0.0,100.02052223110736,0.0,0.0,0.0,0.0,0.0,0.00996795525015804,0.0,0.0,0.0,"[404, 404, 404, 404]",899.9837871868381,False
3.840000000000003,0.0,0.0,100.02112387904252,0.0,0.0,0.0,0.0,0.0,0.010086824848807092,0.0,0.0,0.0,"[404, 404, 404, 404]",899.9830300278377,False
3.900000000000003,0.0,0.0,100.02173262865246,0.0,0.0,0.0,0.0,0.0,0.010204679020348734,0.0,0.0,0.0,"[404, 404, 404, 404]",899.9822591210524,False
3.960000000000003,0.0,0.0,100.02234841926943,0.0,0.0,0.0,0.0,0.0,0.01032152634950575,0.0,0.0,0.0,"[404, 404, 404, 404]",899.9814745358286,False
4.020000000000002,0.0,0.0,100.02297119073862,0.0,0.0,0.0,0.0,0.0,0.010437375349952285,0.0,0.0,0.0,"[404, 404, 404, 404]",899.980676340595,False
4.080000000000001,0.0,0.0,100.02360088341389,0.0,0.0,0.0,0.0,0.0,0.010552234464875975,0.0,0.0,0.0,"[404, 404, 404, 404]",899.979864602879,False
4.14,0.0,0.0,100.02423743815363,0.0,0.0,0.0,0.0,0.0,0.010666112067535559,0.0,0.0,0.0,"[404, 404, 404, 404]",899.9790393893222,False
4.199999999999998,0.0,0.0,100.02488079631652,0.0,0.0,0.0,0.0,0.0,0.01077901646181462,0.0,0.0,0.0,"[404, 404, 404, 404]",899.978200765694,False
4.259999999999997,0.0,0.0,100.02553089975741,0.0,0.0,0.0,0.0,0.0,0.010890955882771594,0.0,0.0,0.0,"[404, 404, 404, 404]",899.9773487969079,False
4.319999999999996,0.0,0.0,100.02618769082324,0.0,0.0,0.0,0.0,0.0,0.011001938497185726,0.0,0.0,0.0,"[404, 404, 404, 404]",899.9764835470351,False
4.379999999999995,0.0,0.0,100.02685111234884,0.0,0.0,0.0,0.0,0.0,0.011111972404099026,0.0,0.0,0.0,"[404, 404, 404, 404]",899.9756050793185,False
4.439999999999993,0.0,0.0,100.02752110765304,0.0,0.0,0.0,0.0,0.0,0.011221065635354487,0.0,0.0,0.0,"[404, 404, 404, 404]",899.9747134561876,False
4.499999999999992,0.0,0.0,100.02819762053457,0.0,0.0,0.0,0.0,0.0,0.01132922615613024,0.0,0.0,0.0,"[404, 404, 404, 404]",899.9738087392705,False
4.559999999999991,0.0,0.0,100.02888059526803,0.0,0.0,0.0,0.0,0.0,0.011436461865470322,0.0,0.0,0.0,"[404, 404, 404, 404]",899.9728909894093,False
4.6199999999999894,0.0,0.0,100.02956997660006,0.0,0.0,0.0,0.0,0.0,0.011542780596811013,0.0,0.0,0.0,"[404, 404, 404, 404]",899.9719602666714,False
4.679999999999988,0.0,0.0,100.03026570974527,0.0,0.0,0.0,0.0,0.0,0.011648190118503654,0.0,0.0,0.0,"[404, 404, 404, 404]",899.9710166303639,False
4.739999999999987,0.0,0.0,100.03096774038254,0.0,0.0,0.0,0.0,0.0,0.011752698134333842,0.0,0.0,0.0,"[404, 404, 404, 404]",899.9700601390456,False
4.799999999999986,0.0,0.0,100.03167601465093,0.0,0.0,0.0,0.0,0.0,0.01185631228403656,0.0,0.0,0.0,"[404, 404, 404, 404]",899.969090850539,False
4.859999999999984,0.0,0.0,100.03239047914607,0.0,0.0,0.0,0.0,0.0,0.011959040143807704,0.0,0.0,0.0,"[404, 404, 404, 404]",899.9681088219438,False
4.919999999999983,0.0,0.0,100.03311108091627,0.0,0.0,0.0,0.0,0.0,0.012060889226812123,0.0,0.0,0.0,"[404, 404, 404, 404]",899.9671141096476,False
4.979999999999982,0.0,0.0,100.03383776745868,0.0,0.0,0.0,0.0,0.0,0.012161866983687354,0.0,0.0,0.0,"[404, 404, 404, 404]",899.9661067693389,False
5.0399999999999805,0.0,0.0,100.03457048671567,0.0,0.0,0.0,0.0,0.0,0.012261980803044296,0.0,0.0,0.0,"[404, 404, 404, 404]",899.9650868560175,False
5.099999999999979,0.0,0.0,100.03530918707108,0.0,0.0,0.0,0.0,0.0,0.012361238011963968,0.0,0.0,0.0,"[404, 404, 404, 404]",899.9640544240069,False
5.159999999999978,0.0,0.0,100.03605381734654,0.0,0.0,0.0,0.0,0.0,0.012459645876490502,0.0,0.0,0.0,"[404, 404, 404, 404]",899.9630095269652,False
5.219999999999977,0.0,0.0,100.03680432679782,0.0,0.0,0.0,0.0,0.0,0.012557211602120854,0.0,0.0,0.0,"[404, 404, 404, 404]",899.9619522178953,False
5.279999999999975,0.0,0.0,100.03756066511119,0.0,0.0,0.0,0.0,0.0,0.012653942334290534,0.0,0.0,0.0,"[404, 404, 404, 404]",899.9608825491564,False
5.339999999999974,0.0,0.0,100.03832278239989,0.0,0.0,0.0,0.0,0.0,0.012749845158856014,0.0,0.0,0.0,"[404, 404, 404, 404]",899.9598005724752,False
5.399999999999973,0.0,0.0,100.03909062920054,0.0,0.0,0.0,0.0,0.0,0.012844927102573438,0.0,0.0,0.0,"[404, 404, 404, 404]",899.9587063389546,False
5.4599999999999715,0.0,0.0,100.0398641564696,0.0,0.0,0.0,0.0,0.0,0.012939195133573875,0.0,0.0,0.0,"[404, 404, 404, 404]",899.9575998990854,False
5.51999999999997,0.0,0.0,100.04064331557987,0.0,0.0,0.0,0.0,0.0,0.013032656161835104,0.0,0.0,0.0,"[404, 404, 404, 404]",899.9564813027556,False
5.579999999999969,0.0,0.0,100.04142805831698,0.0,0.0,0.0,0.0,0.0,0.013125317039649928,0.0,0.0,0.0,"[404, 404, 404, 404]",899.9553505992601,False
5.639999999999968,0.0,0.0,100.04221833687602,0.0,0.0,0.0,0.0,0.0,0.013217184562090761,0.0,0.0,0.0,"[404, 404, 404, 404]",899.9542078373112,False
5.699999999999966,0.0,0.0,100.04301410385808,0.0,0.0,0.0,0.0,0.0,0.013308265467470892,0.0,0.0,0.0,"[404, 404, 404, 404]",899.9530530650468,False
5.759999999999965,0.0,0.0,100.04381531226686,0.0,0.0,0.0,0.0,0.0,0.013398566437802592,0.0,0.0,0.0,"[404, 404, 404, 404]",899.9518863300411,False
5.819999999999964,0.0,0.0,100.04462191550523,0.0,0.0,0.0,0.0,0.0,0.01348809409925129,0.0,0.0,0.0,"[404, 404, 404, 404]",899.9507076793124,False
5.879999999999963,0.0,0.0,100.04543386737208,0.0,0.0,0.0,0.0,0.0,0.013576855022586784,0.0,0.0,0.0,"[404, 404, 404, 404]",899.9495171593333,False
5.939999999999961,0.0,0.0,100.04625112205882,0.0,0.0,0.0,0.0,0.0,0.013664855723631035,0.0,0.0,0.0,"[404, 404, 404, 404]",899.948314816038,False
5.99999999999996,0.0,0.0,100.04707363414622,0.0,0.0,0.0,0.0,0.0,0.013752102663702262,0.0,0.0,0.0,"[404, 404, 404, 404]",899.947100694833,False
6.059999999999959,0.0,0.0,100.04790135860104,0.0,0.0,0.0,0.0,0.0,0.013838602250056167,0.0,0.0,0.0,"[404, 404, 404, 404]",899.9458748406036,False
6.1199999999999575,0.0,0.0,100.04873425077291,0.0,0.0,0.0,0.0,0.0,0.013924360836323507,0.0,0.0,0.0,"[404, 404, 404, 404]",899.9446372977235,False
6.179999999999956,0.0,0.0,100.0495722663911,0.0,0.0,0.0,0.0,0.0,0.014009384722944534,0.0,0.0,0.0,"[404, 404, 404, 404]",899.9433881100622,False
6.239999999999955,0.0,0.0,100.05041536156125,0.0,0.0,0.0,0.0,0.0,0.014093680157600109,0.0,0.0,0.0,"[404, 404, 404, 404]",899.9421273209936,False
6.299999999999954,0.0,0.0,100.05126349276239,0.0,0.0,0.0,0.0,0.0,0.014177253335639657,0.0,0.0,0.0,"[404, 404, 404, 404]",899.9408549734038,False
6.359999999999952,0.0,0.0,100.0521166168436,0.0,0.0,0.0,0.0,0.0,0.01426011040050579,0.0,0.0,0.0,"[404, 404, 404, 404]",899.9395711096986,False
6.419999999999951,0.0,0.0,100.05297469102112,0.0,0.0,0.0,0.0,0.0,0.0143422574441558,0.0,0.0,0.0,"[404, 404, 404, 404]",899.938275771811,False
6.47999999999995,0.0,0.0,100.0538376728751,0.0,0.0,0.0,0.0,0.0,0.014423700507479733,0.0,0.0,0.0,"[404, 404, 404, 404]",899.9369690012095,False
6.5399999999999485,0.0,0.0,100.05470552034669,0.0,0.0,0.0,0.0,0.0,0.014504445580715652,0.0,0.0,0.0,"[404, 404, 404, 404]",899.9356508389042,False
6.599999999999947,0.0,0.0,100.05557819173488,0.0,0.0,0.0,0.0,0.0,0.014584498603861759,0.0,0.0,0.0,"[404, 404, 404, 404]",899.934321325455,False
6.659999999999946,0.0,0.0,100.0564556456936,0.0,0.0,0.0,0.0,0.0,0.014663865467084628,0.0,0.0,0.0,"[404, 404, 404, 404]",899.9329805009781,False
6.719999999999945,0.0,0.0,100.05733784122867,0.0,0.0,0.0,0.0,0.0,0.014742552011125464,0.0,0.0,0.0,"[404, 404, 404, 404]",899.9316284051536,False
6.779999999999943,0.0,0.0,100.05822473769493,0.0,0.0,0.0,0.0,0.0,0.014820564027702546,0.0,0.0,0.0,"[404, 404, 404, 404]",899.9302650772313,False
6.839999999999942,0.0,0.0,100.05911629479323,0.0,0.0,0.0,0.0,0.0,0.014897907259910673,0.0,0.0,0.0,"[404, 404, 404, 404]",899.9288905560381,False
6.899999999999941,0.0,0.0,100.06001247256758,0.0,0.0,0.0,0.0,0.0,0.014974587402617626,0.0,0.0,0.0,"[404, 404, 404, 404]",899.9275048799848,False
6.95999999999994,0.0,0.0,100.06091323140222,0.0,0.0,0.0,0.0,0.0,0.01505061010285783,0.0,0.0,0.0,"[404, 404, 404, 404]",899.9261080870717,False
7.019999999999938,0.0,0.0,100.06181853201882,0.0,0.0,0.0,0.0,0.0,0.015125980960222706,0.0,0.0,0.0,"[404, 404, 404, 404]",899.9247002148959,False
7.079999999999937,0.0,0.0,100.0627283354736,0.0,0.0,0.0,0.0,0.0,0.015200705527248014,0.0,0.0,0.0,"[404, 404, 404, 404]",899.9232813006563,False
7.139999999999936,0.0,0.0,100.06364260315446,0.0,0.0,0.0,0.0,0.0,0.015274789309798583,0.0,0.0,0.0,"[404, 404, 404, 404]",899.9218513811613,False
7.1999999999999345,0.0,0.0,100.06456129677836,0.0,0.0,0.0,0.0,0.0,0.015348237767449638,0.0,0.0,0.0,"[404, 404, 404, 404]",899.9204104928335,False
7.259999999999933,0.0,0.0,100.06548437838845,0.0,0.0,0.0,0.0,0.0,0.015421056313865257,0.0,0.0,0.0,"[404, 404, 404, 404]",899.9189586717162,False
7.319999999999932,0.0,0.0,100.06641181035125,0.0,0.0,0.0,0.0,0.0,0.015493250317174561,0.0,0.0,0.0,"[404, 404, 404, 404]",899.9174959534785,False
7.379999999999931,0.0,0.0,100.0673435553541,0.0,0.0,0.0,0.0,0.0,0.015564825100343928,0.0,0.0,0.0,"[404, 404, 404, 404]",899.9160223734225,False
7.439999999999929,0.0,0.0,100.0682795764023,0.0,0.0,0.0,0.0,0.0,0.015635785941547433,0.0,0.0,0.0,"[404, 404, 404, 404]",899.9145379664869,False
7.499999999999928,0.0,0.0,100.0692198368166,0.0,0.0,0.0,0.0,0.0,0.015706138074533502,0.0,0.0,0.0,"[404, 404, 404, 404]",899.913042767254,False
7.559999999999927,0.0,0.0,100.07016430023035,0.0,0.0,0.0,0.0,0.0,0.015775886688989355,0.0,0.0,0.0,"[404, 404, 404, 404]",899.9115368099542,False
7.6199999999999255,0.0,0.0,100.071112930587,0.0,0.0,0.0,0.0,0.0,0.01584503693090234,0.0,0.0,0.0,"[404, 404, 404, 404]",899.9100201284722,False
7.679999999999924,0.0,0.0,100.0720656921375,0.0,0.0,0.0,0.0,0.0,0.01591359390291841,0.0,0.0,0.0,"[404, 404, 404, 404]",899.908492756351,False
7.739999999999923,0.0,0.0,100.07302254943761,0.0,0.0,0.0,0.0,0.0,0.01598156266469831,0.0,0.0,0.0,"[404, 404, 404, 404]",899.9069547267977,False
7.799999999999922,0.0,0.0,100.07398346734541,0.0,0.0,0.0,0.0,0.0,0.01604894823327012,0.0,0.0,0.0,"[404, 404, 404, 404]",899.9054060726887,False
7.85999999999992,0.0,0.0,100.07494841101877,0.0,0.0,0.0,0.0,0.0,0.016115755583380128,0.0,0.0,0.0,"[404, 404, 404, 404]",899.9038468265737,False
7.919999999999919,0.0,0.0,100.07591734591276,0.0,0.0,0.0,0.0,0.0,0.016181989647839852,0.0,0.0,0.0,"[404, 404, 404, 404]",899.9022770206818,False
7.979999999999918,0.0,0.0,100.0768902377771,0.0,0.0,0.0,0.0,0.0,0.016247655317871434,0.0,0.0,0.0,"[404, 404, 404, 404]",899.9006966869251,False
8.039999999999917,0.0,0.0,100.07786705265386,0.0,0.0,0.0,0.0,0.0,0.016312757443449524,0.0,0.0,0.0,"[404, 404, 404, 404]",899.8991058569039,False
8.099999999999916,0.0,0.0,100.0788477568748,0.0,0.0,0.0,0.0,0.0,0.01637730083364096,0.0,0.0,0.0,"[404, 404, 404, 404]",899.8975045619113,False
8.159999999999915,0.0,0.0,100.07983231705906,0.0,0.0,0.0,0.0,0.0,0.016441290256941497,0.0,0.0,0.0,"[404, 404, 404, 404]",899.8958928329375,False
8.219999999999914,0.0,0.0,100.08082070011062,0.0,0.0,0.0,0.0,0.0,0.01650473044161026,0.0,0.0,0.0,"[404, 404, 404, 404]",899.894270700674,False
8.279999999999912,0.0,0.0,100.08181287321601,0.0,0.0,0.0,0.0,0.0,0.016567626076001034,0.0,0.0,0.0,"[404, 404, 404, 404]",899.8926381955187,False
8.339999999999911,0.0,0.0,100.08280880384184,0.0,0.0,0.0,0.0,0.0,0.016629981808891837,0.0,0.0,0.0,"[404, 404, 404, 404]",899.8909953475793,False
8.39999999999991,0.0,0.0,100.0838084597325,0.0,0.0,0.0,0.0,0.0,0.016691802249810817,0.0,0.0,0.0,"[404, 404, 404, 404]",899.8893421866775,False
8.459999999999908,0.0,0.0,100.08481180890772,0.0,0.0,0.0,0.0,0.0,0.01675309196936035,0.0,0.0,0.0,"[404, 404, 404, 404]",899.887678742354,False
8.519999999999907,0.0,0.0,100.08581881966039,0.0,0.0,0.0,0.0,0.0,0.016813855499538507,0.0,0.0,0.0,"[404, 404, 404, 404]",899.8860050438715,False
8.579999999999906,0.0,0.0,100.0868294605541,0.0,0.0,0.0,0.0,0.0,0.01687409733405778,0.0,0.0,0.0,"[404, 404, 404, 404]",899.8843211202193,False
8.639999999999905,0.0,0.0,100.08784370042099,0.0,0.0,0.0,0.0,0.0,0.016933821928661316,0.0,0.0,0.0,"[404, 404, 404, 404]",899.8826270001168,False
8.699999999999903,0.0,0.0,100.08886150835934,0.0,0.0,0.0,0.0,0.0,0.016993033701436795,0.0,0.0,0.0,"[404, 404, 404, 404]",899.8809227120178,False
8.759999999999902,0.0,0.0,100.08988285373142,0.0,0.0,0.0,0.0,0.0,0.017051737033128025,0.0,0.0,0.0,"[404, 404, 404, 404]",899.8792082841132,False
8.8199999999999,0.0,0.0,100.09090770616126,0.0,0.0,0.0,0.0,0.0,0.01710993626744321,0.0,0.0,0.0,"[404, 404, 404, 404]",899.8774837443361,False
8.8799999999999,0.0,0.0,100.09193603553238,0.0,0.0,0.0,0.0,0.0,0.017167635711362098,0.0,0.0,0.0,"[404, 404, 404, 404]",899.8757491203642,False
8.939999999999898,0.0,0.0,100.09296781198564,0.0,0.0,0.0,0.0,0.0,0.017224839635439717,0.0,0.0,0.0,"[404, 404, 404, 404]",899.8740044396243,False
8.999999999999897,0.0,0.0,100.09400300591706,0.0,0.0,0.0,0.0,0.0,0.017281552274107836,0.0,0.0,0.0,"[404, 404, 404, 404]",899.8722497292947,False
9.059999999999896,0.0,0.0,100.09504158797562,0.0,0.0,0.0,0.0,0.0,0.01733777782597446,0.0,0.0,0.0,"[404, 404, 404, 404]",899.87048501631,False
9.119999999999894,0.0,0.0,100.09608352906113,0.0,0.0,0.0,0.0,0.0,0.017393520454120796,0.0,0.0,0.0,"[404, 404, 404, 404]",899.868710327363,False
9.179999999999893,0.0,0.0,100.09712880032221,0.0,0.0,0.0,0.0,0.0,0.017448784286395385,0.0,0.0,0.0,"[404, 404, 404, 404]",899.8669256889093,False
9.239999999999892,0.0,0.0,100.09817737315402,0.0,0.0,0.0,0.0,0.0,0.01750357341570648,0.0,0.0,0.0,"[404, 404, 404, 404]",899.8651311271694,False
9.29999999999989,0.0,0.0,100.09922921919629,0.0,0.0,0.0,0.0,0.0,0.017557891900312053,0.0,0.0,0.0,"[404, 404, 404, 404]",899.8633266681329,False
9.35999999999989,0.0,0.0,100.10028431033122,0.0,0.0,0.0,0.0,0.0,0.017611743764107287,0.0,0.0,0.0,"[404, 404, 404, 404]",899.861512337561,False
9.419999999999888,0.0,0.0,100.10134261868137,0.0,0.0,0.0,0.0,0.0,0.017665132996909503,0.0,0.0,0.0,"[404, 404, 404, 404]",899.8596881609894,False
9.479999999999887,0.0,0.0,100.10240411660773,0.0,0.0,0.0,0.0,0.0,0.017718063554741773,0.0,0.0,0.0,"[404, 404, 404, 404]",899.8578541637323,False
9.539999999999885,0.0,0.0,100.10346877670763,0.0,0.0,0.0,0.0,0.0,0.017770539360113184,0.0,0.0,0.0,"[404, 404, 404, 404]",899.8560103708844,False
9.599999999999884,0.0,0.0,100.10453657181274,0.0,0.0,0.0,0.0,0.0,0.017822564302297627,0.0,0.0,0.0,"[404, 404, 404, 404]",899.8541568073241,False
9.659999999999883,0.0,0.0,100.10560747498711,0.0,0.0,0.0,0.0,0.0,0.01787414223760978,0.0,0.0,0.0,"[404, 404, 404, 404]",899.8522934977163,False
9.719999999999882,0.0,0.0,100.10668145952516,0.0,0.0,0.0,0.0,0.0,0.017925276989679627,0.0,0.0,0.0,"[404, 404, 404, 404]",899.8504204665155,False
9.77999999999988,0.0,0.0,100.10775849894982,0.0,0.0,0.0,0.0,0.0,0.017975972349724,0.0,0.0,0.0,"[404, 404, 404, 404]",899.8485377379684,False
9.839999999999879,0.0,0.0,100.10883856701045,0.0,0.0,0.0,0.0,0.0,0.01802623207681637,0.0,0.0,0.0,"[404, 404, 404, 404]",899.8466453361166,False
9.899999999999878,0.0,0.0,100.10992163768104,0.0,0.0,0.0,0.0,0.0,0.01807605989815456,0.0,0.0,0.0,"[404, 404, 404, 404]",899.844743284799,False
9.959999999999877,0.0,0.0,100.11100768515826,0.0,0.0,0.0,0.0,0.0,0.01812545950932604,0.0,0.0,0.0,"[404, 404, 404, 404]",899.842831607655,False
10.019999999999875,0.0,0.0,100.11209668385953,0.0,0.0,0.0,0.0,0.0,0.018174434574571255,0.0,0.0,0.0,"[404, 404, 404, 404]",899.8409103281265,False
10.079999999999874,0.0,0.0,100.11318860842127,0.0,0.0,0.0,0.0,0.0,0.018222988727044778,0.0,0.0,0.0,"[404, 404, 404, 404]",899.838979469461,False
10.139999999999873,0.0,0.0,100.11428343369691,0.0,0.0,0.0,0.0,0.0,0.018271125569074453,0.0,0.0,0.0,"[404, 404, 404, 404]",899.8370390547135,False
10.199999999999871,0.0,0.0,100.11538113475511,0.0,0.0,0.0,0.0,0.0,0.01831884867241851,0.0,0.0,0.0,"[404, 404, 404, 404]",899.8350891067493,False
10.25999999999987,0.0,0.0,100.11648168687789,0.0,0.0,0.0,0.0,0.0,0.018366161578520095,0.0,0.0,0.0,"[404, 404, 404, 404]",899.8331296482463,False
10.319999999999869,0.0,0.0,100.11758506555894,0.0,0.0,0.0,0.0,0.0,0.018413067798760823,0.0,0.0,0.0,"[404, 404, 404, 404]",899.8311607016975,False
10.379999999999868,0.0,0.0,100.11869124650168,0.0,0.0,0.0,0.0,0.0,0.01845957081471105,0.0,0.0,0.0,"[404, 404, 404, 404]",899.829182289413,False
10.439999999999866,0.0,0.0,100.11980020561751,0.0,0.0,0.0,0.0,0.0,0.018505674078379008,0.0,0.0,0.0,"[404, 404, 404, 404]",899.8271944335224,False
10.499999999999865,0.0,0.0,100.12091191902414,0.0,0.0,0.0,0.0,0.0,0.01855138101245773,0.0,0.0,0.0,"[404, 404, 404, 404]",899.8251971559775,False
10.559999999999864,0.0,0.0,100.12202636304372,0.0,0.0,0.0,0.0,0.0,0.018596695010569562,0.0,0.0,0.0,"[404, 404, 404, 404]",899.8231904785541,False
10.619999999999862,0.0,0.0,100.12314351420116,0.0,0.0,0.0,0.0,0.0,0.018641619437509357,0.0,0.0,0.0,"[404, 404, 404, 404]",899.8211744228533,False
10.679999999999861,0.0,0.0,100.12426334922239,0.0,0.0,0.0,0.0,0.0,0.018686157629485157,0.0,0.0,0.0,"[404, 404, 404, 404]",899.8191490103058,False
10.73999999999986,0.0,0.0,100.12538584503268,0.0,0.0,0.0,0.0,0.0,0.018730312894357542,0.0,0.0,0.0,"[404, 404, 404, 404]",899.8171142621716,False
10.799999999999859,0.0,0.0,100.12651097875494,0.0,0.0,0.0,0.0,0.0,0.01877408851187619,0.0,0.0,0.0,"[404, 404, 404, 404]",899.8150701995436,False
10.859999999999857,0.0,0.0,100.12763872770799,0.0,0.0,0.0,0.0,0.0,0.018817487733915242,0.0,0.0,0.0,"[404, 404, 404, 404]",899.8130168433494,False
10.919999999999856,0.0,0.0,100.12876906940494,0.0,0.0,0.0,0.0,0.0,0.018860513784706778,0.0,0.0,0.0,"[404, 404, 404, 404]",899.8109542143525,False
10.979999999999855,0.0,0.0,100.12990198155158,0.0,0.0,0.0,0.0,0.0,0.01890316986107157,0.0,0.0,0.0,"[404, 404, 404, 404]",899.808882333155,False
11.039999999999853,0.0,0.0,100.13103744204463,0.0,0.0,0.0,0.0,0.0,0.018945459132649004,0.0,0.0,0.0,"[404, 404, 404, 404]",899.8068012201995,False
11.099999999999852,0.0,0.0,100.13217542897021,0.0,0.0,0.0,0.0,0.0,0.01898738474212463,0.0,0.0,0.0,"[404, 404, 404, 404]",899.8047108957705,False
11.159999999999851,0.0,0.0,100.13331592060219,0.0,0.0,0.0,0.0,0.0,0.019028949805455702,0.0,0.0,0.0,"[404, 404, 404, 404]",899.802611379997,False
11.21999999999985,0.0,0.0,100.13445889540058,0.0,0.0,0.0,0.0,0.0,0.019070157412095275,0.0,0.0,0.0,"[404, 404, 404, 404]",899.8005026928531,False
11.279999999999848,0.0,0.0,100.13560433201002,0.0,0.0,0.0,0.0,0.0,0.019111010625214447,0.0,0.0,0.0,"[404, 404, 404, 404]",899.7983848541612,False
11.339999999999847,0.0,0.0,100.1367522092581,0.0,0.0,0.0,0.0,0.0,0.01915151248192226,0.0,0.0,0.0,"[404, 404, 404, 404]",899.7962578835928,False
11.399999999999846,0.0,0.0,100.1379025061539,0.0,0.0,0.0,0.0,0.0,0.019191665993484593,0.0,0.0,0.0,"[404, 404, 404, 404]",899.7941218006708,False
11.459999999999845,0.0,0.0,100.1390552018864,0.0,0.0,0.0,0.0,0.0,0.01923147414554075,0.0,0.0,0.0,"[404, 404, 404, 404]",899.7919766247707,False
11.519999999999843,0.0,0.0,100.14021027582295,0.0,0.0,0.0,0.0,0.0,0.01927093989831843,0.0,0.0,0.0,"[404, 404, 404, 404]",899.7898223751224,False
11.579999999999842,0.0,0.0,100.14136770750775,0.0,0.0,0.0,0.0,0.0,0.019310066186846983,0.0,0.0,0.0,"[404, 404, 404, 404]",899.7876590708122,False
11.63999999999984,0.0,0.0,100.14252747666036,0.0,0.0,0.0,0.0,0.0,0.019348855921168903,0.0,0.0,0.0,"[404, 404, 404, 404]",899.7854867307842,False
11.69999999999984,0.0,0.0,100.14368956317419,0.0,0.0,0.0,0.0,0.0,0.019387311986549548,0.0,0.0,0.0,"[404, 404, 404, 404]",899.7833053738418,False
11.759999999999838,0.0,0.0,100.14485394711502,0.0,0.0,0.0,0.0,0.0,0.0194254372436853,0.0,0.0,0.0,"[404, 404, 404, 404]",899.7811150186492,False
11.819999999999837,0.0,0.0,100.14602060871958,0.0,0.0,0.0,0.0,0.0,0.019463234528909825,0.0,0.0,0.0,"[404, 404, 404, 404]",899.7789156837332,False
11.879999999999836,0.0,0.0,100.14718952839401,0.0,0.0,0.0,0.0,0.0,0.019500706654398774,0.0,0.0,0.0,"[404, 404, 404, 404]",899.7767073874846,False
11.939999999999834,0.0,0.0,100.14836068671248,0.0,0.0,0.0,0.0,0.0,0.01953785640837269,0.0,0.0,0.0,"[404, 404, 404, 404]",899.7744901481597,False
11.999999999999833,0.0,0.0,100.14953406441576,0.0,0.0,0.0,0.0,0.0,0.019574686555298686,0.0,0.0,0.0,"[404, 404, 404, 404]",899.7722639838812,False
12.059999999999832,0.0,0.0,100.15070964240972,0.0,0.0,0.0,0.0,0.0,0.019611199836089593,0.0,0.0,0.0,"[404, 404, 404, 404]",899.7700289126412,False
12.11999999999983,0.0,0.0,100.15188740176407,0.0,0.0,0.0,0.0,0.0,0.019647398968302726,0.0,0.0,0.0,"[404, 404, 404, 404]",899.7677849523009,False
12.17999999999983,0.0,0.0,100.15306732371079,0.0,0.0,0.0,0.0,0.0,0.019683286646335726,0.0,0.0,0.0,"[404, 404, 404, 404]",899.7655321205924,False
12.239999999999828,0.0,0.0,100.1542493896429,0.0,0.0,0.0,0.0,0.0,0.019718865541621566,0.0,0.0,0.0,"[404, 404, 404, 404]",899.7632704351211,False
12.299999999999827,0.0,0.0,100.15543358111299,0.0,0.0,0.0,0.0,0.0,0.01975413830282196,0.0,0.0,0.0,"[404, 404, 404, 404]",899.7609999133658,False
12.359999999999825,0.0,0.0,100.1566198798319,0.0,0.0,0.0,0.0,0.0,0.019789107556019005,0.0,0.0,0.0,"[404, 404, 404, 404]",899.7587205726805,False
12.419999999999824,0.0,0.0,100.1578082676673,0.0,0.0,0.0,0.0,0.0,0.019823775904905,0.0,0.0,0.0,"[404, 404, 404, 404]",899.7564324302964,False
12.479999999999823,0.0,0.0,100.15899872664255,0.0,0.0,0.0,0.0,0.0,0.01985814593097137,0.0,0.0,0.0,"[404, 404, 404, 404]",899.7541355033214,False
12.539999999999822,0.0,0.0,100.16019123893513,0.0,0.0,0.0,0.0,0.0,0.019892220193695256,0.0,0.0,0.0,"[404, 404, 404, 404]",899.7518298087437,False
12.59999999999982,0.0,0.0,100.16138578687548,0.0,0.0,0.0,0.0,0.0,0.019926001230725084,0.0,0.0,0.0,"[404, 404, 404, 404]",899.7495153634305,False
12.659999999999819,0.0,0.0,100.16258235294563,0.0,0.0,0.0,0.0,0.0,0.019959491558064712,0.0,0.0,0.0,"[404, 404, 404, 404]",899.7471921841318,False
12.719999999999818,0.0,0.0,100.16378091977792,0.0,0.0,0.0,0.0,0.0,0.01999269367025576,0.0,0.0,0.0,"[404, 404, 404, 404]",899.7448602874797,False
12.779999999999816,0.0,0.0,100.16498147015373,0.0,0.0,0.0,0.0,0.0,0.02002561004055813,0.0,0.0,0.0,"[404, 404, 404, 404]",899.7425196899899,False
12.839999999999815,0.0,0.0,100.16618398700223,0.0,0.0,0.0,0.0,0.0,0.020058243121130047,0.0,0.0,0.0,"[404, 404, 404, 404]",899.7401704080642,False
12.899999999999814,0.0,0.0,100.16738845339906,0.0,0.0,0.0,0.0,0.0,0.020090595343205623,0.0,0.0,0.0,"[404, 404, 404, 404]",899.7378124579895,False
12.959999999999813,0.0,0.0,100.16859485256509,0.0,0.0,0.0,0.0,0.0,0.02012266911727131,0.0,0.0,0.0,"[404, 404, 404, 404]",899.7354458559412,False
13.019999999999811,0.0,0.0,100.16980316786525,0.0,0.0,0.0,0.0,0.0,0.020154466833241274,0.0,0.0,0.0,"[404, 404, 404, 404]",899.7330706179823,False
13.07999999999981,0.0,0.0,100.17101338280723,0.0,0.0,0.0,0.0,0.0,0.020185990860630647,0.0,0.0,0.0,"[404, 404, 404, 404]",899.7306867600657,False
13.139999999999809,0.0,0.0,100.17222548104027,0.0,0.0,0.0,0.0,0.0,0.020217243548727684,0.0,0.0,0.0,"[404, 404, 404, 404]",899.7282942980353,False
13.199999999999807,0.0,0.0,100.17343944635398,0.0,0.0,0.0,0.0,0.0,0.02024822722676486,0.0,0.0,0.0,"[404, 404, 404, 404]",899.7258932476259,False
13.259999999999806,0.0,0.0,100.17465526267713,0.0,0.0,0.0,0.0,0.0,0.02027894420408788,0.0,0.0,0.0,"[404, 404, 404, 404]",899.7234836244659,False
13.319999999999805,0.0,0.0,100.17587291407648,0.0,0.0,0.0,0.0,0.0,0.020309396770323725,0.0,0.0,0.0,"[404, 404, 404, 404]",899.721065444077,False
13.379999999999804,0.0,0.0,100.17709238475551,0.0,0.0,0.0,0.0,0.0,0.020339587195547116,0.0,0.0,0.0,"[404, 404, 404, 404]",899.718638721876,False
13.439999999999802,0.0,0.0,100.1783136590534,0.0,0.0,0.0,0.0,0.0,0.020369517730445777,0.0,0.0,0.0,"[404, 404, 404, 404]",899.7162034731755,False
13.499999999999801,0.0,0.0,100.17953672144372,0.0,0.0,0.0,0.0,0.0,0.020399190606484218,0.0,0.0,0.0,"[404, 404, 404, 404]",899.7137597131842,False
13.5599999999998,0.0,0.0,100.18076155653341,0.0,0.0,0.0,0.0,0.0,0.020428608036066297,0.0,0.0,0.0,"[404, 404, 404, 404]",899.7113074570096,False
13.619999999999798,0.0,0.0,100.1819881490616,0.0,0.0,0.0,0.0,0.0,0.020457772212696068,0.0,0.0,0.0,"[404, 404, 404, 404]",899.7088467196573,False
13.679999999999797,0.0,0.0,100.1832164838984,0.0,0.0,0.0,0.0,0.0,0.020486685311137922,0.0,0.0,0.0,"[404, 404, 404, 404]",899.706377516033,False
13.739999999999796,0.0,0.0,100.18444654604392,0.0,0.0,0.0,0.0,0.0,0.020515349487574615,0.0,0.0,0.0,"[404, 404, 404, 404]",899.7038998609419,False
13.799999999999795,0.0,0.0,100.18567832062703,0.0,0.0,0.0,0.0,0.0,0.02054376687976482,0.0,0.0,0.0,"[404, 404, 404, 404]",899.7014137690919,False
13.859999999999793,0.0,0.0,100.18691179290437,0.0,0.0,0.0,0.0,0.0,0.020571939607198785,0.0,0.0,0.0,"[404, 404, 404, 404]",899.6989192550928,False
13.919999999999792,0.0,0.0,100.18814694825913,0.0,0.0,0.0,0.0,0.0,0.020599869771252874,0.0,0.0,0.0,"[404, 404, 404, 404]",899.6964163334577,False
13.97999999999979,0.0,0.0,100.18938377220012,0.0,0.0,0.0,0.0,0.0,0.020627559455342892,0.0,0.0,0.0,"[404, 404, 404, 404]",899.6939050186036,False
14.03999999999979,0.0,0.0,100.19062225036058,0.0,0.0,0.0,0.0,0.0,0.020655010725075983,0.0,0.0,0.0,"[404, 404, 404, 404]",899.6913853248528,False
14.099999999999788,0.0,0.0,100.19186236849718,0.0,0.0,0.0,0.0,0.0,0.020682225628401635,0.0,0.0,0.0,"[404, 404, 404, 404]",899.6888572664333,False
14.159999999999787,0.0,0.0,100.19310411248891,0.0,0.0,0.0,0.0,0.0,0.020709206195760686,0.0,0.0,0.0,"[404, 404, 404, 404]",899.6863208574798,False
14.219999999999786,0.0,0.0,100.19434746833609,0.0,0.0,0.0,0.0,0.0,0.020735954440234263,0.0,0.0,0.0,"[404, 404, 404, 404]",899.6837761120346,False
14.279999999999784,0.0,0.0,100.1955924221593,0.0,0.0,0.0,0.0,0.0,0.020762472357690142,0.0,0.0,0.0,"[404, 404, 404, 404]",899.681223044048,False
14.339999999999783,0.0,0.0,100.19683896019835,0.0,0.0,0.0,0.0,0.0,0.020788761926928953,0.0,0.0,0.0,"[404, 404, 404, 404]",899.6786616673796,False
14.399999999999782,0.0,0.0,100.19808706881128,0.0,0.0,0.0,0.0,0.0,0.02081482510982861,0.0,0.0,0.0,"[404, 404, 404, 404]",899.676091995799,False
14.45999999999978,0.0,0.0,100.19933673447333,0.0,0.0,0.0,0.0,0.0,0.020840663851487803,0.0,0.0,0.0,"[404, 404, 404, 404]",899.6735140429863,False
14.51999999999978,0.0,0.0,100.20058794377599,0.0,0.0,0.0,0.0,0.0,0.02086628008036798,0.0,0.0,0.0,"[404, 404, 404, 404]",899.6709278225331,False
14.579999999999778,0.0,0.0,100.20184068342589,0.0,0.0,0.0,0.0,0.0,0.020891675708434518,0.0,0.0,0.0,"[404, 404, 404, 404]",899.6683333479431,False
14.639999999999777,0.0,0.0,100.2030949402439,0.0,0.0,0.0,0.0,0.0,0.020916852631296758,0.0,0.0,0.0,"[404, 404, 404, 404]",899.6657306326329,False
14.699999999999775,0.0,0.0,100.20435070116419,0.0,0.0,0.0,0.0,0.0,0.020941812728346353,0.0,0.0,0.0,"[404, 404, 404, 404]",899.6631196899328,False
14.759999999999774,0.0,0.0,100.20560795323318,0.0,0.0,0.0,0.0,0.0,0.020966557862894742,0.0,0.0,0.0,"[404, 404, 404, 404]",899.6605005330878,False
14.819999999999773,0.0,0.0,100.20686668360862,0.0,0.0,0.0,0.0,0.0,0.02099108988230998,0.0,0.0,0.0,"[404, 404, 404, 404]",899.6578731752572,False
14.879999999999772,0.0,0.0,100.20812687955863,0.0,0.0,0.0,0.0,0.0,0.021015410618151556,0.0,0.0,0.0,"[404, 404, 404, 404]",899.6552376295167,False
14.93999999999977,0.0,0.0,100.20938852846074,0.0,0.0,0.0,0.0,0.0,0.02103952188630462,0.0,0.0,0.0,"[404, 404, 404, 404]",899.6525939088585,False
14.999999999999769,0.0,0.0,100.21065161780093,0.0,0.0,0.0,0.0,0.0,0.021063425487113055,0.0,0.0,0.0,"[404, 404, 404, 404]",899.6499420261919,False
15.059999999999768,0.0,0.0,100.21191613517279,0.0,0.0,0.0,0.0,0.0,0.02108712320551121,0.0,0.0,0.0,"[404, 404, 404, 404]",899.6472819943435,False
15.119999999999767,0.0,0.0,100.21318206827654,0.0,0.0,0.0,0.0,0.0,0.021110616811154982,0.0,0.0,0.0,"[404, 404, 404, 404]",899.6446138260592,False
15.179999999999765,0.0,0.0,100.21444940491813,0.0,0.0,0.0,0.0,0.0,0.02113390805855124,0.0,0.0,0.0,"[404, 404, 404, 404]",899.6419375340038,False
15.239999999999764,0.0,0.0,100.2157181330083,0.0,0.0,0.0,0.0,0.0,0.021156998687186405,0.0,0.0,0.0,"[404, 404, 404, 404]",899.6392531307613,False
15.299999999999763,0.0,0.0,100.21698824056172,0.0,0.0,0.0,0.0,0.0,0.021179890421654243,0.0,0.0,0.0,"[404, 404, 404, 404]",899.6365606288373,False
15.359999999999761,0.0,0.0,100.2182597156961,0.0,0.0,0.0,0.0,0.0,0.02120258497178213,0.0,0.0,0.0,"[404, 404, 404, 404]",899.6338600406576,False
15.41999999999976,0.0,0.0,100.21953254663134,0.0,0.0,0.0,0.0,0.0,0.02122508403275667,0.0,0.0,0.0,"[404, 404, 404, 404]",899.6311513785699,False
15.479999999999759,0.0,0.0,100.22080672168855,0.0,0.0,0.0,0.0,0.0,0.021247389285247813,0.0,0.0,0.0,"[404, 404, 404, 404]",899.6284346548441,False
15.539999999999758,0.0,0.0,100.22208222928926,0.0,0.0,0.0,0.0,0.0,0.02126950239553242,0.0,0.0,0.0,"[404, 404, 404, 404]",899.6257098816734,False
15.599999999999756,0.0,0.0,100.22335905795457,0.0,0.0,0.0,0.0,0.0,0.021291425015616337,0.0,0.0,0.0,"[404, 404, 404, 404]",899.6229770711743,False
15.659999999999755,0.0,0.0,100.22463719630426,0.0,0.0,0.0,0.0,0.0,0.021313158783355945,0.0,0.0,0.0,"[404, 404, 404, 404]",899.6202362353872,False
15.719999999999754,0.0,0.0,100.22591663305597,0.0,0.0,0.0,0.0,0.0,0.021334705322578213,0.0,0.0,0.0,"[404, 404, 404, 404]",899.6174873862776,False
15.779999999999752,0.0,0.0,100.22719735702437,0.0,0.0,0.0,0.0,0.0,0.021356066243199943,0.0,0.0,0.0,"[404, 404, 404, 404]",899.614730535736,False
15.839999999999751,0.0,0.0,100.22847935712025,0.0,0.0,0.0,0.0,0.0,0.02137724314134625,0.0,0.0,0.0,"[404, 404, 404, 404]",899.6119656955785,False
15.89999999999975,0.0,0.0,100.22976262234984,0.0,0.0,0.0,0.0,0.0,0.02139823759946765,0.0,0.0,0.0,"[404, 404, 404, 404]",899.6091928775484,False
15.959999999999749,0.0,0.0,100.2310471418138,0.0,0.0,0.0,0.0,0.0,0.021419051186456397,0.0,0.0,0.0,"[404, 404, 404, 404]",899.606412093315,False
16.019999999999747,0.0,0.0,100.23233290470664,0.0,0.0,0.0,0.0,0.0,0.02143968545776171,0.0,0.0,0.0,"[404, 404, 404, 404]",899.6036233544758,False
16.079999999999746,0.0,0.0,100.23361990031574,0.0,0.0,0.0,0.0,0.0,0.02146014195550423,0.0,0.0,0.0,"[404, 404, 404, 404]",899.6008266725555,False
16.139999999999745,0.0,0.0,100.2349081180206,0.0,0.0,0.0,0.0,0.0,0.021480422208589433,0.0,0.0,0.0,"[404, 404, 404, 404]",899.5980220590084,False
16.199999999999743,0.0,0.0,100.23619754729205,0.0,0.0,0.0,0.0,0.0,0.021500527732819952,0.0,0.0,0.0,"[404, 404, 404, 404]",899.5952095252176,False
16.259999999999742,0.0,0.0,100.23748817769152,0.0,0.0,0.0,0.0,0.0,0.02152046003100732,0.0,0.0,0.0,"[404, 404, 404, 404]",899.5923890824952,False
16.31999999999974,0.0,0.0,100.23877999887023,0.0,0.0,0.0,0.0,0.0,0.021540220593082075,0.0,0.0,0.0,"[404, 404, 404, 404]",899.5895607420839,False
16.37999999999974,0.0,0.0,100.24007300056834,0.0,0.0,0.0,0.0,0.0,0.021559810896203818,0.0,0.0,0.0,"[404, 404, 404, 404]",899.5867245151571,False
16.43999999999974,0.0,0.0,100.24136717261433,0.0,0.0,0.0,0.0,0.0,0.02157923240486981,0.0,0.0,0.0,"[404, 404, 404, 404]",899.5838804128193,False
16.499999999999737,0.0,0.0,100.24266250492416,0.0,0.0,0.0,0.0,0.0,0.021598486571022663,0.0,0.0,0.0,"[404, 404, 404, 404]",899.5810284461065,False
16.559999999999736,0.0,0.0,100.24395898750048,0.0,0.0,0.0,0.0,0.0,0.02161757483415735,0.0,0.0,0.0,"[404, 404, 404, 404]",899.5781686259869,False
16.619999999999735,0.0,0.0,100.245256610432,0.0,0.0,0.0,0.0,0.0,0.021636498621427077,0.0,0.0,0.0,"[404, 404, 404, 404]",899.5753009633613,False
16.679999999999733,0.0,0.0,100.24655536389265,0.0,0.0,0.0,0.0,0.0,0.021655259347748635,0.0,0.0,0.0,"[404, 404, 404, 404]",899.5724254690635,False
16.739999999999732,0.0,0.0,100.24785523814094,0.0,0.0,0.0,0.0,0.0,0.021673858415906504,0.0,0.0,0.0,"[404, 404, 404, 404]",899.5695421538614,False
16.79999999999973,0.0,0.0,100.24915622351915,0.0,0.0,0.0,0.0,0.0,0.021692297216655995,0.0,0.0,0.0,"[404, 404, 404, 404]",899.5666510284559,False
16.85999999999973,0.0,0.0,100.25045831045264,0.0,0.0,0.0,0.0,0.0,0.021710577128825934,0.0,0.0,0.0,"[404, 404, 404, 404]",899.5637521034835,False
16.919999999999728,0.0,0.0,100.25176148944917,0.0,0.0,0.0,0.0,0.0,0.021728699519420414,0.0,0.0,0.0,"[404, 404, 404, 404]",899.5608453895146,False
16.979999999999727,0.0,0.0,100.25306575109813,0.0,0.0,0.0,0.0,0.0,0.021746665743719227,0.0,0.0,0.0,"[404, 404, 404, 404]",899.557930897056,False
17.039999999999726,0.0,0.0,100.25437108606992,0.0,0.0,0.0,0.0,0.0,0.021764477145378037,0.0,0.0,0.0,"[404, 404, 404, 404]",899.5550086365499,False
17.099999999999724,0.0,0.0,100.25567748511521,0.0,0.0,0.0,0.0,0.0,0.021782135056527343,0.0,0.0,0.0,"[404, 404, 404, 404]",899.5520786183746,False
17.159999999999723,0.0,0.0,100.25698493906424,0.0,0.0,0.0,0.0,0.0,0.021799640797870726,0.0,0.0,0.0,"[404, 404, 404, 404]",899.5491408528454,False
17.21999999999972,0.0,0.0,100.25829343882613,0.0,0.0,0.0,0.0,0.0,0.02181699567878254,0.0,0.0,0.0,"[404, 404, 404, 404]",899.5461953502147,False
17.27999999999972,0.0,0.0,100.25960297538825,0.0,0.0,0.0,0.0,0.0,0.021834200997403935,0.0,0.0,0.0,"[404, 404, 404, 404]",899.5432421206725,False
17.33999999999972,0.0,0.0,100.26091353981555,0.0,0.0,0.0,0.0,0.0,0.021851258040739147,0.0,0.0,0.0,"[404, 404, 404, 404]",899.5402811743469,False
17.399999999999718,0.0,0.0,100.26222512324982,0.0,0.0,0.0,0.0,0.0,0.02186816808475027,0.0,0.0,0.0,"[404, 404, 404, 404]",899.5373125213042,False
17.459999999999717,0.0,0.0,100.26353771690911,0.0,0.0,0.0,0.0,0.0,0.02188493239445139,0.0,0.0,0.0,"[404, 404, 404, 404]",899.5343361715497,False
17.519999999999715,0.0,0.0,100.26485131208703,0.0,0.0,0.0,0.0,0.0,0.02190155222400206,0.0,0.0,0.0,"[404, 404, 404, 404]",899.5313521350279,False
17.579999999999714,0.0,0.0,100.26616590015213,0.0,0.0,0.0,0.0,0.0,0.02191802881679993,0.0,0.0,0.0,"[404, 404, 404, 404]",899.528360421623,False
17.639999999999713,0.0,0.0,100.26748147254722,0.0,0.0,0.0,0.0,0.0,0.021934363405572366,0.0,0.0,0.0,"[404, 404, 404, 404]",899.5253610411596,False
17.69999999999971,0.0,0.0,100.26879802078876,0.0,0.0,0.0,0.0,0.0,0.02195055721246787,0.0,0.0,0.0,"[404, 404, 404, 404]",899.522354003402,False
17.75999999999971,0.0,0.0,100.27011553646624,0.0,0.0,0.0,0.0,0.0,0.021966611449145884,0.0,0.0,0.0,"[404, 404, 404, 404]",899.5193393180562,False
17.81999999999971,0.0,0.0,100.27143401124155,0.0,0.0,0.0,0.0,0.0,0.02198252731686647,0.0,0.0,0.0,"[404, 404, 404, 404]",899.5163169947687,False
17.879999999999708,0.0,0.0,100.2727534368483,0.0,0.0,0.0,0.0,0.0,0.021998306006579423,0.0,0.0,0.0,"[404, 404, 404, 404]",899.5132870431282,False
17.939999999999706,0.0,0.0,100.27407380509129,0.0,0.0,0.0,0.0,0.0,0.022013948699011705,0.0,0.0,0.0,"[404, 404, 404, 404]",899.5102494726651,False
17.999999999999705,0.0,0.0,100.27539510784584,0.0,0.0,0.0,0.0,0.0,0.022029456564754992,0.0,0.0,0.0,"[404, 404, 404, 404]",899.5072042928524,False
18.059999999999704,0.0,0.0,100.2767173370572,0.0,0.0,0.0,0.0,0.0,0.022044830764352392,0.0,0.0,0.0,"[404, 404, 404, 404]",899.5041515131056,False
18.119999999999703,0.0,0.0,100.27804048474,0.0,0.0,0.0,0.0,0.0,0.022060072448383893,0.0,0.0,0.0,"[404, 404, 404, 404]",899.5010911427835,False
18.1799999999997,0.0,0.0,100.27936454297755,0.0,0.0,0.0,0.0,0.0,0.02207518275755158,0.0,0.0,0.0,"[404, 404, 404, 404]",899.4980231911882,False
18.2399999999997,0.0,0.0,100.28068950392134,0.0,0.0,0.0,0.0,0.0,0.022090162822763982,0.0,0.0,0.0,"[404, 404, 404, 404]",899.4949476675662,False
18.2999999999997,0.0,0.0,100.28201535979038,0.0,0.0,0.0,0.0,0.0,0.022105013765219898,0.0,0.0,0.0,"[404, 404, 404, 404]",899.4918645811076,False
18.359999999999697,0.0,0.0,100.28334210287072,0.0,0.0,0.0,0.0,0.0,0.022119736696490935,0.0,0.0,0.0,"[404, 404, 404, 404]",899.4887739409473,False
18.419999999999696,0.0,0.0,100.28466972551477,0.0,0.0,0.0,0.0,0.0,0.022134332718604034,0.0,0.0,0.0,"[404, 404, 404, 404]",899.4856757561655,False
18.479999999999695,0.0,0.0,100.28599822014083,0.0,0.0,0.0,0.0,0.0,0.022148802924122933,0.0,0.0,0.0,"[404, 404, 404, 404]",899.4825700357871,False
18.539999999999694,0.0,0.0,100.28732757923243,0.0,0.0,0.0,0.0,0.0,0.02216314839622905,0.0,0.0,0.0,"[404, 404, 404, 404]",899.4794567887827,False
18.599999999999692,0.0,0.0,100.28865779533778,0.0,0.0,0.0,0.0,0.0,0.022177370208801672,0.0,0.0,0.0,"[404, 404, 404, 404]",899.4763360240694,False
18.65999999999969,0.0,0.0,100.28998886106935,0.0,0.0,0.0,0.0,0.0,0.022191469426497263,0.0,0.0,0.0,"[404, 404, 404, 404]",899.47320775051,False
18.71999999999969,0.0,0.0,100.29132076910314,0.0,0.0,0.0,0.0,0.0,0.02220544710482854,0.0,0.0,0.0,"[404, 404, 404, 404]",899.4700719769144,False
18.77999999999969,0.0,0.0,100.2926535121782,0.0,0.0,0.0,0.0,0.0,0.022219304290242426,0.0,0.0,0.0,"[404, 404, 404, 404]",899.4669287120389,False
18.839999999999687,0.0,0.0,100.29398708309613,0.0,0.0,0.0,0.0,0.0,0.022233042020197585,0.0,0.0,0.0,"[404, 404, 404, 404]",899.4637779645877,False
18.899999999999686,0.0,0.0,100.29532147472048,0.0,0.0,0.0,0.0,0.0,0.02224666132324134,0.0,0.0,0.0,"[404, 404, 404, 404]",899.4606197432126,False
18.959999999999685,0.0,0.0,100.2966566799763,0.0,0.0,0.0,0.0,0.0,0.022260163219085697,0.0,0.0,0.0,"[404, 404, 404, 404]",899.4574540565128,False
19.019999999999683,0.0,0.0,100.2979926918495,0.0,0.0,0.0,0.0,0.0,0.02227354871868296,0.0,0.0,0.0,"[404, 404, 404, 404]",899.4542809130363,False
19.079999999999682,0.0,0.0,100.29932950338643,0.0,0.0,0.0,0.0,0.0,0.02228681882430076,0.0,0.0,0.0,"[404, 404, 404, 404]",899.4511003212795,False
19.13999999999968,0.0,0.0,100.3006671076933,0.0,0.0,0.0,0.0,0.0,0.022299974529596134,0.0,0.0,0.0,"[404, 404, 404, 404]",899.4479122896878,False
19.19999999999968,0.0,0.0,100.30200549793568,0.0,0.0,0.0,0.0,0.0,0.02231301681968916,0.0,0.0,0.0,"[404, 404, 404, 404]",899.4447168266558,False
19.25999999999968,0.0,0.0,100.30334466733798,0.0,0.0,0.0,0.0,0.0,0.022325946671235913,0.0,0.0,0.0,"[404, 404, 404, 404]",899.4415139405276,False
19.319999999999677,0.0,0.0,100.30468460918297,0.0,0.0,0.0,0.0,0.0,0.022338765052501333,0.0,0.0,0.0,"[404, 404, 404, 404]",899.438303639597,False
19.379999999999676,0.0,0.0,100.30602531681129,0.0,0.0,0.0,0.0,0.0,0.02235147292343036,0.0,0.0,0.0,"[404, 404, 404, 404]",899.4350859321084,False
19.439999999999674,0.0,0.0,100.30736678362088,0.0,0.0,0.0,0.0,0.0,0.022364071235719443,0.0,0.0,0.0,"[404, 404, 404, 404]",899.4318608262563,False
19.499999999999673,0.0,0.0,100.30870900306658,0.0,0.0,0.0,0.0,0.0,0.02237656093288697,0.0,0.0,0.0,"[404, 404, 404, 404]",899.4286283301858,False
19.559999999999672,0.0,0.0,100.3100519686596,0.0,0.0,0.0,0.0,0.0,0.022388942950343316,0.0,0.0,0.0,"[404, 404, 404, 404]",899.4253884519935,False
19.61999999999967,0.0,0.0,100.31139567396697,0.0,0.0,0.0,0.0,0.0,0.022401218215460345,0.0,0.0,0.0,"[404, 404, 404, 404]",899.422141199727,False
19.67999999999967,0.0,0.0,100.31274011261118,0.0,0.0,0.0,0.0,0.0,0.02241338764763997,0.0,0.0,0.0,"[404, 404, 404, 404]",899.4188865813858,False
19.739999999999668,0.0,0.0,100.31408527826967,0.0,0.0,0.0,0.0,0.0,0.022425452158382434,0.0,0.0,0.0,"[404, 404, 404, 404]",899.4156246049209,False
19.799999999999667,0.0,0.0,100.31543116467427,0.0,0.0,0.0,0.0,0.0,0.02243741265135395,0.0,0.0,0.0,"[404, 404, 404, 404]",899.412355278236,False
19.859999999999665,0.0,0.0,100.31677776561081,0.0,0.0,0.0,0.0,0.0,0.02244927002245371,0.0,0.0,0.0,"[404, 404, 404, 404]",899.4090786091872,False
19.919999999999664,0.0,0.0,100.3181250749187,0.0,0.0,0.0,0.0,0.0,0.022461025159880382,0.0,0.0,0.0,"[404, 404, 404, 404]",899.405794605583,False
19.979999999999663,0.0,0.0,100.31947308649033,0.0,0.0,0.0,0.0,0.0,0.022472678944198264,0.0,0.0,0.0,"[404, 404, 404, 404]",899.4025032751854,False
20.03999999999966,0.0,0.0,100.32082179427076,0.0,0.0,0.0,0.0,0.0,0.02248423224840205,0.0,0.0,0.0,"[404, 404, 404, 404]",899.3992046257097,False
20.09999999999966,0.0,0.0,100.32217119225716,0.0,0.0,0.0,0.0,0.0,0.022495685937982252,0.0,0.0,0.0,"[404, 404, 404, 404]",899.3958986648245,False
20.15999999999966,0.0,0.0,100.32352127449845,0.0,0.0,0.0,0.0,0.0,0.02250704087098921,0.0,0.0,0.0,"[404, 404, 404, 404]",899.3925854001525,False
20.219999999999658,0.0,0.0,100.32487203509478,0.0,0.0,0.0,0.0,0.0,0.02251829789809655,0.0,0.0,0.0,"[404, 404, 404, 404]",899.3892648392709,False
20.279999999999657,0.0,0.0,100.32622346819713,0.0,0.0,0.0,0.0,0.0,0.02252945786266484,0.0,0.0,0.0,"[404, 404, 404, 404]",899.3859369897109,False
20.339999999999655,0.0,0.0,100.32757556800686,0.0,0.0,0.0,0.0,0.0,0.02254052160080389,0.0,0.0,0.0,"[404, 404, 404, 404]",899.3826018589582,False
20.399999999999654,0.0,0.0,100.32892832877528,0.0,0.0,0.0,0.0,0.0,0.02255148994143489,0.0,0.0,0.0,"[404, 404, 404, 404]",899.3792594544541,False
20.459999999999653,0.0,0.0,100.33028174480322,0.0,0.0,0.0,0.0,0.0,0.022562363706352017,0.0,0.0,0.0,"[404, 404, 404, 404]",899.3759097835947,False
20.51999999999965,0.0,0.0,100.33163581044062,0.0,0.0,0.0,0.0,0.0,0.022573143710283496,0.0,0.0,0.0,"[404, 404, 404, 404]",899.3725528537318,False
20.57999999999965,0.0,0.0,100.3329905200861,0.0,0.0,0.0,0.0,0.0,0.02258383076095198,0.0,0.0,0.0,"[404, 404, 404, 404]",899.3691886721729,False
20.63999999999965,0.0,0.0,100.3343458681865,0.0,0.0,0.0,0.0,0.0,0.022594425659134942,0.0,0.0,0.0,"[404, 404, 404, 404]",899.3658172461816,False
20.699999999999648,0.0,0.0,100.33570184923651,0.0,0.0,0.0,0.0,0.0,0.022604929198723672,0.0,0.0,0.0,"[404, 404, 404, 404]",899.3624385829772,False
20.759999999999646,0.0,0.0,100.33705845777828,0.0,0.0,0.0,0.0,0.0,0.02261534216678265,0.0,0.0,0.0,"[404, 404, 404, 404]",899.3590526897367,False
20.819999999999645,0.0,0.0,100.33841568840094,0.0,0.0,0.0,0.0,0.0,0.02262566534360795,0.0,0.0,0.0,"[404, 404, 404, 404]",899.3556595735928,False
20.879999999999644,0.0,0.0,100.33977353574025,0.0,0.0,0.0,0.0,0.0,0.022635899502785113,0.0,0.0,0.0,"[404, 404, 404, 404]",899.3522592416356,False
20.939999999999642,0.0,0.0,100.3411319944782,0.0,0.0,0.0,0.0,0.0,0.02264604541124651,0.0,0.0,0.0,"[404, 404, 404, 404]",899.3488517009126,False
20.99999999999964,0.0,0.0,100.34249105934259,0.0,0.0,0.0,0.0,0.0,0.022656103829329022,0.0,0.0,0.0,"[404, 404, 404, 404]",899.3454369584288,False
21.05999999999964,0.0,0.0,100.34385072510663,0.0,0.0,0.0,0.0,0.0,0.022666075510829824,0.0,0.0,0.0,"[404, 404, 404, 404]",899.3420150211467,False
21.11999999999964,0.0,0.0,100.34521098658858,0.0,0.0,0.0,0.0,0.0,0.022675961203062905,0.0,0.0,0.0,"[404, 404, 404, 404]",899.3385858959872,False
21.179999999999637,0.0,0.0,100.34657183865133,0.0,0.0,0.0,0.0,0.0,0.022685761646914365,0.0,0.0,0.0,"[404, 404, 404, 404]",899.3351495898291,False
21.239999999999636,0.0,0.0,100.34793327620201,0.0,0.0,0.0,0.0,0.0,0.022695477576897632,0.0,0.0,0.0,"[404, 404, 404, 404]",899.3317061095102,False
21.299999999999635,0.0,0.0,100.34929529419172,0.0,0.0,0.0,0.0,0.0,0.022705109721208126,0.0,0.0,0.0,"[404, 404, 404, 404]",899.3282554618265,False
21.359999999999634,0.0,0.0,100.350657887615,0.0,0.0,0.0,0.0,0.0,0.022714658801777254,0.0,0.0,0.0,"[404, 404, 404, 404]",899.3247976535333,False
21.419999999999632,0.0,0.0,100.3520210515095,0.0,0.0,0.0,0.0,0.0,0.022724125534326296,0.0,0.0,0.0,"[404, 404, 404, 404]",899.3213326913448,False
21.47999999999963,0.0,0.0,100.35338478095565,0.0,0.0,0.0,0.0,0.0,0.022733510628419662,0.0,0.0,0.0,"[404, 404, 404, 404]",899.3178605819351,False
21.53999999999963,0.0,0.0,100.35474907107627,0.0,0.0,0.0,0.0,0.0,0.022742814787517537,0.0,0.0,0.0,"[404, 404, 404, 404]",899.3143813319375,False
21.59999999999963,0.0,0.0,100.35611391703623,0.0,0.0,0.0,0.0,0.0,0.022752038709028186,0.0,0.0,0.0,"[404, 404, 404, 404]",899.3108949479457,False
21.659999999999627,0.0,0.0,100.35747931404204,0.0,0.0,0.0,0.0,0.0,0.022761183084360124,0.0,0.0,0.0,"[404, 404, 404, 404]",899.3074014365134,False
21.719999999999626,0.0,0.0,100.35884525734153,0.0,0.0,0.0,0.0,0.0,0.022770248598973374,0.0,0.0,0.0,"[404, 404, 404, 404]",899.303900804154,False
21.779999999999625,0.0,0.0,100.36021174222344,0.0,0.0,0.0,0.0,0.0,0.022779235932430374,0.0,0.0,0.0,"[404, 404, 404, 404]",899.3003930573427,False
21.839999999999623,0.0,0.0,100.36157876401715,0.0,0.0,0.0,0.0,0.0,0.022788145758446798,0.0,0.0,0.0,"[404, 404, 404, 404]",899.2968782025142,False
21.899999999999622,0.0,0.0,100.36294631809227,0.0,0.0,0.0,0.0,0.0,0.022796978744941642,0.0,0.0,0.0,"[404, 404, 404, 404]",899.2933562460655,False
21.95999999999962,0.0,0.0,100.36431439985834,0.0,0.0,0.0,0.0,0.0,0.022805735554086784,0.0,0.0,0.0,"[404, 404, 404, 404]",899.289827194354,False
22.01999999999962,0.0,0.0,100.36568300476445,0.0,0.0,0.0,0.0,0.0,0.022814416842356397,0.0,0.0,0.0,"[404, 404, 404, 404]",899.286291053699,False
22.079999999999618,0.0,0.0,100.36705212829885,0.0,0.0,0.0,0.0,0.0,0.022823023260575993,0.0,0.0,0.0,"[404, 404, 404, 404]",899.2827478303811,False
22.139999999999617,0.0,0.0,100.36842176598877,0.0,0.0,0.0,0.0,0.0,0.02283155545397059,0.0,0.0,0.0,"[404, 404, 404, 404]",899.2791975306432,False
22.199999999999616,0.0,0.0,100.36979191339988,0.0,0.0,0.0,0.0,0.0,0.02284001406221285,0.0,0.0,0.0,"[404, 404, 404, 404]",899.2756401606904,False
22.259999999999614,0.0,0.0,100.37116256613614,0.0,0.0,0.0,0.0,0.0,0.022848399719470964,0.0,0.0,0.0,"[404, 404, 404, 404]",899.2720757266898,False
22.319999999999613,0.0,0.0,100.3725337198394,0.0,0.0,0.0,0.0,0.0,0.02285671305445553,0.0,0.0,0.0,"[404, 404, 404, 404]",899.2685042347712,False
22.37999999999961,0.0,0.0,100.37390537018902,0.0,0.0,0.0,0.0,0.0,0.022864954690466545,0.0,0.0,0.0,"[404, 404, 404, 404]",899.2649256910273,False
22.43999999999961,0.0,0.0,100.37527751290165,0.0,0.0,0.0,0.0,0.0,0.02287312524543978,0.0,0.0,0.0,"[404, 404, 404, 404]",899.2613401015137,False
22.49999999999961,0.0,0.0,100.37665014373081,0.0,0.0,0.0,0.0,0.0,0.02288122533199301,0.0,0.0,0.0,"[404, 404, 404, 404]",899.2577474722491,False
22.559999999999608,0.0,0.0,100.37802325846665,0.0,0.0,0.0,0.0,0.0,0.02288925555747128,0.0,0.0,0.0,"[404, 404, 404, 404]",899.2541478092157,False
22.619999999999607,0.0,0.0,100.37939685293559,0.0,0.0,0.0,0.0,0.0,0.022897216523992518,0.0,0.0,0.0,"[404, 404, 404, 404]",899.2505411183597,False
22.679999999999605,0.0,0.0,100.380770923,0.0,0.0,0.0,0.0,0.0,0.022905108828492195,0.0,0.0,0.0,"[404, 404, 404, 404]",899.2469274055903,False
22.739999999999604,0.0,0.0,100.38214546455796,0.0,0.0,0.0,0.0,0.0,0.02291293306276801,0.0,0.0,0.0,"[404, 404, 404, 404]",899.2433066767815,False
22.799999999999603,0.0,0.0,100.3835204735429,0.0,0.0,0.0,0.0,0.0,0.0229206898135237,0.0,0.0,0.0,"[404, 404, 404, 404]",899.239678937771,False
22.8599999999996,0.0,0.0,100.38489594592323,0.0,0.0,0.0,0.0,0.0,0.02292837966241304,0.0,0.0,0.0,"[404, 404, 404, 404]",899.236044194361,False
22.9199999999996,0.0,0.0,100.38627187770219,0.0,0.0,0.0,0.0,0.0,0.02293600318608277,0.0,0.0,0.0,"[404, 404, 404, 404]",899.2324024523189,False
22.9799999999996,0.0,0.0,100.38764826491742,0.0,0.0,0.0,0.0,0.0,0.022943560956216327,0.0,0.0,0.0,"[404, 404, 404, 404]",899.228753717376,False
23.039999999999598,0.0,0.0,100.38902510364075,0.0,0.0,0.0,0.0,0.0,0.022951053539575716,0.0,0.0,0.0,"[404, 404, 404, 404]",899.2250979952294,False
23.099999999999596,0.0,0.0,100.39040238997787,0.0,0.0,0.0,0.0,0.0,0.022958481498044112,0.0,0.0,0.0,"[404, 404, 404, 404]",899.2214352915412,False
23.159999999999595,0.0,0.0,100.39178012006798,0.0,0.0,0.0,0.0,0.0,0.0229658453886677,0.0,0.0,0.0,"[404, 404, 404, 404]",899.2177656119388,False
23.219999999999594,0.0,0.0,100.39315829008362,0.0,0.0,0.0,0.0,0.0,0.022973145763697318,0.0,0.0,0.0,"[404, 404, 404, 404]",899.2140889620152,False
23.279999999999593,0.0,0.0,100.39453689623029,0.0,0.0,0.0,0.0,0.0,0.022980383170629393,0.0,0.0,0.0,"[404, 404, 404, 404]",899.2104053473295,False
23.33999999999959,0.0,0.0,100.39591593474624,0.0,0.0,0.0,0.0,0.0,0.022987558152246856,0.0,0.0,0.0,"[404, 404, 404, 404]",899.2067147734062,False
23.39999999999959,0.0,0.0,100.39729540190207,0.0,0.0,0.0,0.0,0.0,0.022994671246659812,0.0,0.0,0.0,"[404, 404, 404, 404]",899.2030172457371,False
23.45999999999959,0.0,0.0,100.39867529400058,0.0,0.0,0.0,0.0,0.0,0.023001722987345454,0.0,0.0,0.0,"[404, 404, 404, 404]",899.1993127697792,False
23.519999999999587,0.0,0.0,100.40005560737647,0.0,0.0,0.0,0.0,0.0,0.023008713903187813,0.0,0.0,0.0,"[404, 404, 404, 404]",899.1956013509566,False
23.579999999999586,0.0,0.0,100.40143633839597,0.0,0.0,0.0,0.0,0.0,0.023015644518517512,0.0,0.0,0.0,"[404, 404, 404, 404]",899.1918829946603,False
23.639999999999585,0.0,0.0,100.40281748345666,0.0,0.0,0.0,0.0,0.0,0.023022515353150447,0.0,0.0,0.0,"[404, 404, 404, 404]",899.1881577062481,False
23.699999999999584,0.0,0.0,100.40419903898719,0.0,0.0,0.0,0.0,0.0,0.023029326922426943,0.0,0.0,0.0,"[404, 404, 404, 404]",899.1844254910446,False
23.759999999999582,0.0,0.0,100.40558100144698,0.0,0.0,0.0,0.0,0.0,0.023036079737250116,0.0,0.0,0.0,"[404, 404, 404, 404]",899.1806863543427,False
23.81999999999958,0.0,0.0,100.40696336732599,0.0,0.0,0.0,0.0,0.0,0.023042774304123784,0.0,0.0,0.0,"[404, 404, 404, 404]",899.1769403014016,False
23.87999999999958,0.0,0.0,100.4083461331444,0.0,0.0,0.0,0.0,0.0,0.02304941112519032,0.0,0.0,0.0,"[404, 404, 404, 404]",899.1731873374489,False
23.93999999999958,0.0,0.0,100.40972929545244,0.0,0.0,0.0,0.0,0.0,0.023055990698268455,0.0,0.0,0.0,"[404, 404, 404, 404]",899.1694274676802,False
23.999999999999577,0.0,0.0,100.41111285083004,0.0,0.0,0.0,0.0,0.0,0.02306251351689013,0.0,0.0,0.0,"[404, 404, 404, 404]",899.1656606972585,False
24.059999999999576,0.0,0.0,100.41249679588665,0.0,0.0,0.0,0.0,0.0,0.023068980070337003,0.0,0.0,0.0,"[404, 404, 404, 404]",899.1618870313157,False
24.119999999999575,0.0,0.0,100.41388112726091,0.0,0.0,0.0,0.0,0.0,0.02307539084367768,0.0,0.0,0.0,"[404, 404, 404, 404]",899.1581064749519,False
24.179999999999573,0.0,0.0,100.41526584162048,0.0,0.0,0.0,0.0,0.0,0.023081746317803555,0.0,0.0,0.0,"[404, 404, 404, 404]",899.1543190332354,False
24.239999999999572,0.0,0.0,100.41665093566169,0.0,0.0,0.0,0.0,0.0,0.02308804696946455,0.0,0.0,0.0,"[404, 404, 404, 404]",899.1505247112038,False
24.29999999999957,0.0,0.0,100.41803640610942,0.0,0.0,0.0,0.0,0.0,0.023094293271304907,0.0,0.0,0.0,"[404, 404, 404, 404]",899.1467235138637,False
24.35999999999957,0.0,0.0,100.41942224971675,0.0,0.0,0.0,0.0,0.0,0.023100485691898483,0.0,0.0,0.0,"[404, 404, 404, 404]",899.1429154461903,False
24.41999999999957,0.0,0.0,100.42080846326476,0.0,0.0,0.0,0.0,0.0,0.023106624695783506,0.0,0.0,0.0,"[404, 404, 404, 404]",899.1391005131281,False
24.479999999999567,0.0,0.0,100.4221950435623,0.0,0.0,0.0,0.0,0.0,0.023112710743497623,0.0,0.0,0.0,"[404, 404, 404, 404]",899.1352787195918,False
24.539999999999566,0.0,0.0,100.42358198744566,0.0,0.0,0.0,0.0,0.0,0.023118744291612047,0.0,0.0,0.0,"[404, 404, 404, 404]",899.1314500704653,False
24.599999999999564,0.0,0.0,100.42496929177851,0.0,0.0,0.0,0.0,0.0,0.023124725792765526,0.0,0.0,0.0,"[404, 404, 404, 404]",899.1276145706021,False
24.659999999999563,0.0,0.0,100.42635695345152,0.0,0.0,0.0,0.0,0.0,0.023130655695698513,0.0,0.0,0.0,"[404, 404, 404, 404]",899.1237722248259,False
24.719999999999562,0.0,0.0,100.4277449693821,0.0,0.0,0.0,0.0,0.0,0.023136534445286294,0.0,0.0,0.0,"[404, 404, 404, 404]",899.1199230379304,False
24.77999999999956,0.0,0.0,100.42913333651435,0.0,0.0,0.0,0.0,0.0,0.023142362482572395,0.0,0.0,0.0,"[404, 404, 404, 404]",899.1160670146801,False
24.83999999999956,0.0,0.0,100.43052205181864,0.0,0.0,0.0,0.0,0.0,0.02314814024480137,0.0,0.0,0.0,"[404, 404, 404, 404]",899.1122041598093,False
24.899999999999558,0.0,0.0,100.43191111229152,0.0,0.0,0.0,0.0,0.0,0.023153868165451952,0.0,0.0,0.0,"[404, 404, 404, 404]",899.1083344780234,False
24.959999999999557,0.0,0.0,100.43330051495535,0.0,0.0,0.0,0.0,0.0,0.023159546674268647,0.0,0.0,0.0,"[404, 404, 404, 404]",899.1044579739987,False
25.019999999999555,0.0,0.0,100.43469025685826,0.0,0.0,0.0,0.0,0.0,0.023165176197294593,0.0,0.0,0.0,"[404, 404, 404, 404]",899.100574652382,True
